receiver positions
2588
 -1.250000e+01 -2.750000e+01 1.500000e+00
 -1.250000e+01 -27 1.500000e+00
 -1.250000e+01 -2.650000e+01 1.500000e+00
 -1.250000e+01 -26 1.500000e+00
 -1.250000e+01 -2.550000e+01 1.500000e+00
 -1.250000e+01 -25 1.500000e+00
 -1.250000e+01 -2.450000e+01 1.500000e+00
 -1.250000e+01 -24 1.500000e+00
 -1.250000e+01 -2.350000e+01 1.500000e+00
 -1.250000e+01 -23 1.500000e+00
 -1.250000e+01 -2.250000e+01 1.500000e+00
 -1.250000e+01 -22 1.500000e+00
 -1.250000e+01 -2.150000e+01 1.500000e+00
 -1.250000e+01 -21 1.500000e+00
 -1.250000e+01 -2.050000e+01 1.500000e+00
 -1.250000e+01 -20 1.500000e+00
 -1.250000e+01 -1.950000e+01 1.500000e+00
 -1.250000e+01 -19 1.500000e+00
 -1.250000e+01 -1.850000e+01 1.500000e+00
 -1.250000e+01 -18 1.500000e+00
 -1.250000e+01 -1.750000e+01 1.500000e+00
 -12 -2.750000e+01 1.500000e+00
 -12 -27 1.500000e+00
 -12 -2.650000e+01 1.500000e+00
 -12 -26 1.500000e+00
 -12 -2.550000e+01 1.500000e+00
 -12 -25 1.500000e+00
 -12 -2.450000e+01 1.500000e+00
 -12 -24 1.500000e+00
 -12 -2.350000e+01 1.500000e+00
 -12 -23 1.500000e+00
 -12 -2.250000e+01 1.500000e+00
 -12 -22 1.500000e+00
 -12 -2.150000e+01 1.500000e+00
 -12 -21 1.500000e+00
 -12 -2.050000e+01 1.500000e+00
 -12 -20 1.500000e+00
 -12 -1.950000e+01 1.500000e+00
 -12 -19 1.500000e+00
 -12 -1.850000e+01 1.500000e+00
 -12 -18 1.500000e+00
 -12 -1.750000e+01 1.500000e+00
 -1.150000e+01 -2.750000e+01 1.500000e+00
 -1.150000e+01 -27 1.500000e+00
 -1.150000e+01 -2.650000e+01 1.500000e+00
 -1.150000e+01 -26 1.500000e+00
 -1.150000e+01 -2.550000e+01 1.500000e+00
 -1.150000e+01 -25 1.500000e+00
 -1.150000e+01 -2.450000e+01 1.500000e+00
 -1.150000e+01 -24 1.500000e+00
 -1.150000e+01 -2.350000e+01 1.500000e+00
 -1.150000e+01 -23 1.500000e+00
 -1.150000e+01 -2.250000e+01 1.500000e+00
 -1.150000e+01 -22 1.500000e+00
 -1.150000e+01 -2.150000e+01 1.500000e+00
 -1.150000e+01 -21 1.500000e+00
 -1.150000e+01 -2.050000e+01 1.500000e+00
 -1.150000e+01 -20 1.500000e+00
 -1.150000e+01 -1.950000e+01 1.500000e+00
 -1.150000e+01 -19 1.500000e+00
 -1.150000e+01 -1.850000e+01 1.500000e+00
 -1.150000e+01 -18 1.500000e+00
 -1.150000e+01 -1.750000e+01 1.500000e+00
 -11 -2.750000e+01 1.500000e+00
 -11 -27 1.500000e+00
 -11 -2.650000e+01 1.500000e+00
 -11 -26 1.500000e+00
 -11 -2.550000e+01 1.500000e+00
 -11 -25 1.500000e+00
 -11 -2.450000e+01 1.500000e+00
 -11 -24 1.500000e+00
 -11 -2.350000e+01 1.500000e+00
 -11 -23 1.500000e+00
 -11 -2.250000e+01 1.500000e+00
 -11 -22 1.500000e+00
 -11 -2.150000e+01 1.500000e+00
 -11 -21 1.500000e+00
 -11 -2.050000e+01 1.500000e+00
 -11 -20 1.500000e+00
 -11 -1.950000e+01 1.500000e+00
 -11 -19 1.500000e+00
 -11 -1.850000e+01 1.500000e+00
 -11 -18 1.500000e+00
 -11 -1.750000e+01 1.500000e+00
 -11 -1.350000e+01 1.500000e+00
 -11 -13 1.500000e+00
 -11 -1.250000e+01 1.500000e+00
 -11 -12 1.500000e+00
 -1.050000e+01 -2.750000e+01 1.500000e+00
 -1.050000e+01 -27 1.500000e+00
 -1.050000e+01 -2.650000e+01 1.500000e+00
 -1.050000e+01 -26 1.500000e+00
 -1.050000e+01 -2.550000e+01 1.500000e+00
 -1.050000e+01 -25 1.500000e+00
 -1.050000e+01 -2.450000e+01 1.500000e+00
 -1.050000e+01 -24 1.500000e+00
 -1.050000e+01 -2.350000e+01 1.500000e+00
 -1.050000e+01 -23 1.500000e+00
 -1.050000e+01 -2.250000e+01 1.500000e+00
 -1.050000e+01 -22 1.500000e+00
 -1.050000e+01 -2.150000e+01 1.500000e+00
 -1.050000e+01 -21 1.500000e+00
 -1.050000e+01 -2.050000e+01 1.500000e+00
 -1.050000e+01 -20 1.500000e+00
 -1.050000e+01 -1.950000e+01 1.500000e+00
 -1.050000e+01 -19 1.500000e+00
 -1.050000e+01 -1.850000e+01 1.500000e+00
 -1.050000e+01 -18 1.500000e+00
 -1.050000e+01 -1.750000e+01 1.500000e+00
 -1.050000e+01 -17 1.500000e+00
 -1.050000e+01 -1.650000e+01 1.500000e+00
 -1.050000e+01 -16 1.500000e+00
 -1.050000e+01 -1.550000e+01 1.500000e+00
 -1.050000e+01 -15 1.500000e+00
 -1.050000e+01 -1.450000e+01 1.500000e+00
 -1.050000e+01 -14 1.500000e+00
 -1.050000e+01 -1.350000e+01 1.500000e+00
 -1.050000e+01 -13 1.500000e+00
 -1.050000e+01 -1.250000e+01 1.500000e+00
 -1.050000e+01 -12 1.500000e+00
 -1.050000e+01 -1.150000e+01 1.500000e+00
 -1.050000e+01 -11 1.500000e+00
 -1.050000e+01 -1.050000e+01 1.500000e+00
 -1.050000e+01 -10 1.500000e+00
 -1.050000e+01 -9.500000e+00 1.500000e+00
 -1.050000e+01 -9 1.500000e+00
 -1.050000e+01 -8.500000e+00 1.500000e+00
 -1.050000e+01 -8 1.500000e+00
 -10 -2.750000e+01 1.500000e+00
 -10 -27 1.500000e+00
 -10 -2.650000e+01 1.500000e+00
 -10 -26 1.500000e+00
 -10 -2.550000e+01 1.500000e+00
 -10 -25 1.500000e+00
 -10 -2.450000e+01 1.500000e+00
 -10 -24 1.500000e+00
 -10 -2.350000e+01 1.500000e+00
 -10 -23 1.500000e+00
 -10 -2.250000e+01 1.500000e+00
 -10 -22 1.500000e+00
 -10 -2.150000e+01 1.500000e+00
 -10 -21 1.500000e+00
 -10 -2.050000e+01 1.500000e+00
 -10 -20 1.500000e+00
 -10 -1.950000e+01 1.500000e+00
 -10 -19 1.500000e+00
 -10 -1.850000e+01 1.500000e+00
 -10 -18 1.500000e+00
 -10 -1.750000e+01 1.500000e+00
 -10 -17 1.500000e+00
 -10 -1.650000e+01 1.500000e+00
 -10 -16 1.500000e+00
 -10 -1.550000e+01 1.500000e+00
 -10 -15 1.500000e+00
 -10 -1.450000e+01 1.500000e+00
 -10 -14 1.500000e+00
 -10 -1.350000e+01 1.500000e+00
 -10 -13 1.500000e+00
 -10 -1.250000e+01 1.500000e+00
 -10 -12 1.500000e+00
 -10 -1.150000e+01 1.500000e+00
 -10 -11 1.500000e+00
 -10 -1.050000e+01 1.500000e+00
 -10 -10 1.500000e+00
 -10 -9.500000e+00 1.500000e+00
 -10 -9 1.500000e+00
 -10 -8.500000e+00 1.500000e+00
 -10 -8 1.500000e+00
 -9.500000e+00 -2.750000e+01 1.500000e+00
 -9.500000e+00 -27 1.500000e+00
 -9.500000e+00 -2.650000e+01 1.500000e+00
 -9.500000e+00 -26 1.500000e+00
 -9.500000e+00 -2.550000e+01 1.500000e+00
 -9.500000e+00 -25 1.500000e+00
 -9.500000e+00 -2.450000e+01 1.500000e+00
 -9.500000e+00 -24 1.500000e+00
 -9.500000e+00 -2.350000e+01 1.500000e+00
 -9.500000e+00 -23 1.500000e+00
 -9.500000e+00 -2.250000e+01 1.500000e+00
 -9.500000e+00 -22 1.500000e+00
 -9.500000e+00 -2.150000e+01 1.500000e+00
 -9.500000e+00 -21 1.500000e+00
 -9.500000e+00 -2.050000e+01 1.500000e+00
 -9.500000e+00 -20 1.500000e+00
 -9.500000e+00 -1.950000e+01 1.500000e+00
 -9.500000e+00 -19 1.500000e+00
 -9.500000e+00 -1.850000e+01 1.500000e+00
 -9.500000e+00 -18 1.500000e+00
 -9.500000e+00 -1.750000e+01 1.500000e+00
 -9.500000e+00 -17 1.500000e+00
 -9.500000e+00 -1.650000e+01 1.500000e+00
 -9.500000e+00 -16 1.500000e+00
 -9.500000e+00 -1.550000e+01 1.500000e+00
 -9.500000e+00 -15 1.500000e+00
 -9.500000e+00 -1.450000e+01 1.500000e+00
 -9.500000e+00 -14 1.500000e+00
 -9.500000e+00 -1.350000e+01 1.500000e+00
 -9.500000e+00 -13 1.500000e+00
 -9.500000e+00 -1.250000e+01 1.500000e+00
 -9.500000e+00 -12 1.500000e+00
 -9.500000e+00 -1.150000e+01 1.500000e+00
 -9.500000e+00 -11 1.500000e+00
 -9.500000e+00 -1.050000e+01 1.500000e+00
 -9.500000e+00 -10 1.500000e+00
 -9.500000e+00 -9.500000e+00 1.500000e+00
 -9.500000e+00 -9 1.500000e+00
 -9.500000e+00 -8.500000e+00 1.500000e+00
 -9.500000e+00 -8 1.500000e+00
 -9 -2.750000e+01 1.500000e+00
 -9 -27 1.500000e+00
 -9 -2.650000e+01 1.500000e+00
 -9 -26 1.500000e+00
 -9 -2.550000e+01 1.500000e+00
 -9 -25 1.500000e+00
 -9 -2.450000e+01 1.500000e+00
 -9 -24 1.500000e+00
 -9 -2.350000e+01 1.500000e+00
 -9 -23 1.500000e+00
 -9 -2.250000e+01 1.500000e+00
 -9 -22 1.500000e+00
 -9 -2.150000e+01 1.500000e+00
 -9 -21 1.500000e+00
 -9 -2.050000e+01 1.500000e+00
 -9 -20 1.500000e+00
 -9 -1.950000e+01 1.500000e+00
 -9 -19 1.500000e+00
 -9 -1.850000e+01 1.500000e+00
 -9 -18 1.500000e+00
 -9 -1.750000e+01 1.500000e+00
 -9 -17 1.500000e+00
 -9 -1.650000e+01 1.500000e+00
 -9 -16 1.500000e+00
 -9 -1.550000e+01 1.500000e+00
 -9 -15 1.500000e+00
 -9 -1.450000e+01 1.500000e+00
 -9 -14 1.500000e+00
 -9 -1.350000e+01 1.500000e+00
 -9 -13 1.500000e+00
 -9 -1.250000e+01 1.500000e+00
 -9 -12 1.500000e+00
 -9 -1.150000e+01 1.500000e+00
 -9 -11 1.500000e+00
 -9 -1.050000e+01 1.500000e+00
 -9 -10 1.500000e+00
 -9 -9.500000e+00 1.500000e+00
 -9 -9 1.500000e+00
 -9 -8.500000e+00 1.500000e+00
 -9 -8 1.500000e+00
 -29 -5 1.500000e+00
 -29 -4.500000e+00 1.500000e+00
 -29 -4 1.500000e+00
 -29 -3.500000e+00 1.500000e+00
 -29 -3 1.500000e+00
 -29 -2.500000e+00 1.500000e+00
 -29 -2 1.500000e+00
 -2.850000e+01 -5 1.500000e+00
 -2.850000e+01 -4.500000e+00 1.500000e+00
 -2.850000e+01 -4 1.500000e+00
 -2.850000e+01 -3.500000e+00 1.500000e+00
 -2.850000e+01 -3 1.500000e+00
 -2.850000e+01 -2.500000e+00 1.500000e+00
 -2.850000e+01 -2 1.500000e+00
 -28 -7 1.500000e+00
 -28 -6.500000e+00 1.500000e+00
 -28 -6 1.500000e+00
 -28 -5.500000e+00 1.500000e+00
 -28 -5 1.500000e+00
 -28 -4.500000e+00 1.500000e+00
 -28 -4 1.500000e+00
 -28 -3.500000e+00 1.500000e+00
 -28 -3 1.500000e+00
 -28 -2.500000e+00 1.500000e+00
 -28 -2 1.500000e+00
 -2.750000e+01 -7 1.500000e+00
 -2.750000e+01 -6.500000e+00 1.500000e+00
 -2.750000e+01 -6 1.500000e+00
 -2.750000e+01 -5.500000e+00 1.500000e+00
 -2.750000e+01 -5 1.500000e+00
 -2.750000e+01 -4.500000e+00 1.500000e+00
 -2.750000e+01 -4 1.500000e+00
 -2.750000e+01 -3.500000e+00 1.500000e+00
 -2.750000e+01 -3 1.500000e+00
 -2.750000e+01 -2.500000e+00 1.500000e+00
 -2.750000e+01 -2 1.500000e+00
 -27 -7 1.500000e+00
 -27 -6.500000e+00 1.500000e+00
 -27 -6 1.500000e+00
 -27 -5.500000e+00 1.500000e+00
 -27 -5 1.500000e+00
 -27 -4.500000e+00 1.500000e+00
 -27 -4 1.500000e+00
 -27 -3.500000e+00 1.500000e+00
 -27 -3 1.500000e+00
 -27 -2.500000e+00 1.500000e+00
 -27 -2 1.500000e+00
 -2.650000e+01 -7 1.500000e+00
 -2.650000e+01 -6.500000e+00 1.500000e+00
 -2.650000e+01 -6 1.500000e+00
 -2.650000e+01 -5.500000e+00 1.500000e+00
 -2.650000e+01 -5 1.500000e+00
 -2.650000e+01 -4.500000e+00 1.500000e+00
 -2.650000e+01 -4 1.500000e+00
 -2.650000e+01 -3.500000e+00 1.500000e+00
 -2.650000e+01 -3 1.500000e+00
 -2.650000e+01 -2.500000e+00 1.500000e+00
 -2.650000e+01 -2 1.500000e+00
 -26 -7 1.500000e+00
 -26 -6.500000e+00 1.500000e+00
 -26 -6 1.500000e+00
 -26 -5.500000e+00 1.500000e+00
 -26 -5 1.500000e+00
 -26 -4.500000e+00 1.500000e+00
 -26 -4 1.500000e+00
 -26 -3.500000e+00 1.500000e+00
 -26 -3 1.500000e+00
 -26 -2.500000e+00 1.500000e+00
 -26 -2 1.500000e+00
 -26 -1.500000e+00 1.500000e+00
 -26 -1 1.500000e+00
 -26 -5.000000e-01 1.500000e+00
 -26 0 1.500000e+00
 -26 5.000000e-01 1.500000e+00
 -26 1 1.500000e+00
 -26 1.500000e+00 1.500000e+00
 -26 2 1.500000e+00
 -26 2.500000e+00 1.500000e+00
 -26 3 1.500000e+00
 -26 3.500000e+00 1.500000e+00
 -26 4 1.500000e+00
 -26 4.500000e+00 1.500000e+00
 -26 5 1.500000e+00
 -26 5.500000e+00 1.500000e+00
 -26 6 1.500000e+00
 -26 6.500000e+00 1.500000e+00
 -26 7 1.500000e+00
 -26 7.500000e+00 1.500000e+00
 -26 8 1.500000e+00
 -26 8.500000e+00 1.500000e+00
 -26 9 1.500000e+00
 -26 9.500000e+00 1.500000e+00
 -26 10 1.500000e+00
 -2.550000e+01 -7 1.500000e+00
 -2.550000e+01 -6.500000e+00 1.500000e+00
 -2.550000e+01 -6 1.500000e+00
 -2.550000e+01 -5.500000e+00 1.500000e+00
 -2.550000e+01 -5 1.500000e+00
 -2.550000e+01 -4.500000e+00 1.500000e+00
 -2.550000e+01 -4 1.500000e+00
 -2.550000e+01 -3.500000e+00 1.500000e+00
 -2.550000e+01 -3 1.500000e+00
 -2.550000e+01 -2.500000e+00 1.500000e+00
 -2.550000e+01 -2 1.500000e+00
 -2.550000e+01 -1.500000e+00 1.500000e+00
 -2.550000e+01 -1 1.500000e+00
 -2.550000e+01 -5.000000e-01 1.500000e+00
 -2.550000e+01 0 1.500000e+00
 -2.550000e+01 5.000000e-01 1.500000e+00
 -2.550000e+01 1 1.500000e+00
 -2.550000e+01 1.500000e+00 1.500000e+00
 -2.550000e+01 2 1.500000e+00
 -2.550000e+01 2.500000e+00 1.500000e+00
 -2.550000e+01 3 1.500000e+00
 -2.550000e+01 3.500000e+00 1.500000e+00
 -2.550000e+01 4 1.500000e+00
 -2.550000e+01 4.500000e+00 1.500000e+00
 -2.550000e+01 5 1.500000e+00
 -2.550000e+01 5.500000e+00 1.500000e+00
 -2.550000e+01 6 1.500000e+00
 -2.550000e+01 6.500000e+00 1.500000e+00
 -2.550000e+01 7 1.500000e+00
 -2.550000e+01 7.500000e+00 1.500000e+00
 -2.550000e+01 8 1.500000e+00
 -2.550000e+01 8.500000e+00 1.500000e+00
 -2.550000e+01 9 1.500000e+00
 -2.550000e+01 9.500000e+00 1.500000e+00
 -2.550000e+01 10 1.500000e+00
 -25 -7 1.500000e+00
 -25 -6.500000e+00 1.500000e+00
 -25 -6 1.500000e+00
 -25 -5.500000e+00 1.500000e+00
 -25 -5 1.500000e+00
 -25 -4.500000e+00 1.500000e+00
 -25 -4 1.500000e+00
 -25 -3.500000e+00 1.500000e+00
 -25 -3 1.500000e+00
 -25 -2.500000e+00 1.500000e+00
 -25 -2 1.500000e+00
 -25 -1.500000e+00 1.500000e+00
 -25 -1 1.500000e+00
 -25 -5.000000e-01 1.500000e+00
 -25 0 1.500000e+00
 -25 5.000000e-01 1.500000e+00
 -25 1 1.500000e+00
 -25 1.500000e+00 1.500000e+00
 -25 2 1.500000e+00
 -25 2.500000e+00 1.500000e+00
 -25 3 1.500000e+00
 -25 3.500000e+00 1.500000e+00
 -25 4 1.500000e+00
 -25 4.500000e+00 1.500000e+00
 -25 5 1.500000e+00
 -25 5.500000e+00 1.500000e+00
 -25 6 1.500000e+00
 -25 6.500000e+00 1.500000e+00
 -25 7 1.500000e+00
 -25 7.500000e+00 1.500000e+00
 -25 8 1.500000e+00
 -25 8.500000e+00 1.500000e+00
 -25 9 1.500000e+00
 -25 9.500000e+00 1.500000e+00
 -25 10 1.500000e+00
 -2.450000e+01 -7 1.500000e+00
 -2.450000e+01 -6.500000e+00 1.500000e+00
 -2.450000e+01 -6 1.500000e+00
 -2.450000e+01 -5.500000e+00 1.500000e+00
 -2.450000e+01 -5 1.500000e+00
 -2.450000e+01 -4.500000e+00 1.500000e+00
 -2.450000e+01 -4 1.500000e+00
 -2.450000e+01 -3.500000e+00 1.500000e+00
 -2.450000e+01 -3 1.500000e+00
 -2.450000e+01 -2.500000e+00 1.500000e+00
 -2.450000e+01 -2 1.500000e+00
 -2.450000e+01 -1.500000e+00 1.500000e+00
 -2.450000e+01 -1 1.500000e+00
 -2.450000e+01 -5.000000e-01 1.500000e+00
 -2.450000e+01 0 1.500000e+00
 -2.450000e+01 5.000000e-01 1.500000e+00
 -2.450000e+01 1 1.500000e+00
 -2.450000e+01 1.500000e+00 1.500000e+00
 -2.450000e+01 2 1.500000e+00
 -2.450000e+01 2.500000e+00 1.500000e+00
 -2.450000e+01 3 1.500000e+00
 -2.450000e+01 3.500000e+00 1.500000e+00
 -2.450000e+01 4 1.500000e+00
 -2.450000e+01 4.500000e+00 1.500000e+00
 -2.450000e+01 5 1.500000e+00
 -2.450000e+01 5.500000e+00 1.500000e+00
 -2.450000e+01 6 1.500000e+00
 -2.450000e+01 6.500000e+00 1.500000e+00
 -2.450000e+01 7 1.500000e+00
 -2.450000e+01 7.500000e+00 1.500000e+00
 -2.450000e+01 8 1.500000e+00
 -2.450000e+01 8.500000e+00 1.500000e+00
 -2.450000e+01 9 1.500000e+00
 -2.450000e+01 9.500000e+00 1.500000e+00
 -2.450000e+01 10 1.500000e+00
 -24 -7 1.500000e+00
 -24 -6.500000e+00 1.500000e+00
 -24 -6 1.500000e+00
 -24 -5.500000e+00 1.500000e+00
 -24 -5 1.500000e+00
 -24 -4.500000e+00 1.500000e+00
 -24 -4 1.500000e+00
 -24 -3.500000e+00 1.500000e+00
 -24 -3 1.500000e+00
 -24 -2.500000e+00 1.500000e+00
 -24 -2 1.500000e+00
 -24 -1.500000e+00 1.500000e+00
 -24 -1 1.500000e+00
 -24 -5.000000e-01 1.500000e+00
 -24 0 1.500000e+00
 -24 5.000000e-01 1.500000e+00
 -24 1 1.500000e+00
 -24 1.500000e+00 1.500000e+00
 -24 2 1.500000e+00
 -24 2.500000e+00 1.500000e+00
 -24 3 1.500000e+00
 -24 3.500000e+00 1.500000e+00
 -24 4 1.500000e+00
 -24 4.500000e+00 1.500000e+00
 -24 5 1.500000e+00
 -24 5.500000e+00 1.500000e+00
 -24 6 1.500000e+00
 -24 6.500000e+00 1.500000e+00
 -24 7 1.500000e+00
 -24 7.500000e+00 1.500000e+00
 -24 8 1.500000e+00
 -24 8.500000e+00 1.500000e+00
 -24 9 1.500000e+00
 -24 9.500000e+00 1.500000e+00
 -24 10 1.500000e+00
 -2.350000e+01 -7 1.500000e+00
 -2.350000e+01 -6.500000e+00 1.500000e+00
 -2.350000e+01 -6 1.500000e+00
 -2.350000e+01 -5.500000e+00 1.500000e+00
 -2.350000e+01 -5 1.500000e+00
 -2.350000e+01 -4.500000e+00 1.500000e+00
 -2.350000e+01 -4 1.500000e+00
 -2.350000e+01 -3.500000e+00 1.500000e+00
 -2.350000e+01 -3 1.500000e+00
 -2.350000e+01 -2.500000e+00 1.500000e+00
 -2.350000e+01 -2 1.500000e+00
 -2.350000e+01 -1.500000e+00 1.500000e+00
 -2.350000e+01 -1 1.500000e+00
 -2.350000e+01 -5.000000e-01 1.500000e+00
 -2.350000e+01 0 1.500000e+00
 -2.350000e+01 5.000000e-01 1.500000e+00
 -2.350000e+01 1 1.500000e+00
 -2.350000e+01 1.500000e+00 1.500000e+00
 -2.350000e+01 2 1.500000e+00
 -2.350000e+01 2.500000e+00 1.500000e+00
 -2.350000e+01 3 1.500000e+00
 -2.350000e+01 3.500000e+00 1.500000e+00
 -2.350000e+01 4 1.500000e+00
 -2.350000e+01 4.500000e+00 1.500000e+00
 -2.350000e+01 5 1.500000e+00
 -2.350000e+01 5.500000e+00 1.500000e+00
 -2.350000e+01 6 1.500000e+00
 -2.350000e+01 6.500000e+00 1.500000e+00
 -2.350000e+01 7 1.500000e+00
 -2.350000e+01 7.500000e+00 1.500000e+00
 -2.350000e+01 8 1.500000e+00
 -2.350000e+01 8.500000e+00 1.500000e+00
 -2.350000e+01 9 1.500000e+00
 -2.350000e+01 9.500000e+00 1.500000e+00
 -2.350000e+01 10 1.500000e+00
 -23 -7 1.500000e+00
 -23 -6.500000e+00 1.500000e+00
 -23 -6 1.500000e+00
 -23 -5.500000e+00 1.500000e+00
 -23 -5 1.500000e+00
 -23 -4.500000e+00 1.500000e+00
 -23 -4 1.500000e+00
 -23 -3.500000e+00 1.500000e+00
 -23 -3 1.500000e+00
 -23 -2.500000e+00 1.500000e+00
 -23 -2 1.500000e+00
 -23 -1.500000e+00 1.500000e+00
 -23 -1 1.500000e+00
 -23 -5.000000e-01 1.500000e+00
 -23 0 1.500000e+00
 -23 5.000000e-01 1.500000e+00
 -23 1 1.500000e+00
 -23 1.500000e+00 1.500000e+00
 -23 2 1.500000e+00
 -23 2.500000e+00 1.500000e+00
 -23 3 1.500000e+00
 -23 3.500000e+00 1.500000e+00
 -23 4 1.500000e+00
 -23 4.500000e+00 1.500000e+00
 -23 5 1.500000e+00
 -23 5.500000e+00 1.500000e+00
 -23 6 1.500000e+00
 -23 6.500000e+00 1.500000e+00
 -23 7 1.500000e+00
 -23 7.500000e+00 1.500000e+00
 -23 8 1.500000e+00
 -23 8.500000e+00 1.500000e+00
 -23 9 1.500000e+00
 -23 9.500000e+00 1.500000e+00
 -23 10 1.500000e+00
 -2.250000e+01 -7 1.500000e+00
 -2.250000e+01 -6.500000e+00 1.500000e+00
 -2.250000e+01 -6 1.500000e+00
 -2.250000e+01 -5.500000e+00 1.500000e+00
 -2.250000e+01 -5 1.500000e+00
 -2.250000e+01 -4.500000e+00 1.500000e+00
 -2.250000e+01 -4 1.500000e+00
 -2.250000e+01 -3.500000e+00 1.500000e+00
 -2.250000e+01 -3 1.500000e+00
 -2.250000e+01 -2.500000e+00 1.500000e+00
 -2.250000e+01 -2 1.500000e+00
 -2.250000e+01 -1.500000e+00 1.500000e+00
 -2.250000e+01 -1 1.500000e+00
 -2.250000e+01 -5.000000e-01 1.500000e+00
 -2.250000e+01 0 1.500000e+00
 -2.250000e+01 5.000000e-01 1.500000e+00
 -2.250000e+01 1 1.500000e+00
 -2.250000e+01 1.500000e+00 1.500000e+00
 -2.250000e+01 2 1.500000e+00
 -2.250000e+01 2.500000e+00 1.500000e+00
 -2.250000e+01 3 1.500000e+00
 -2.250000e+01 3.500000e+00 1.500000e+00
 -2.250000e+01 4 1.500000e+00
 -2.250000e+01 4.500000e+00 1.500000e+00
 -2.250000e+01 5 1.500000e+00
 -2.250000e+01 5.500000e+00 1.500000e+00
 -2.250000e+01 6 1.500000e+00
 -2.250000e+01 6.500000e+00 1.500000e+00
 -2.250000e+01 7 1.500000e+00
 -2.250000e+01 7.500000e+00 1.500000e+00
 -2.250000e+01 8 1.500000e+00
 -2.250000e+01 8.500000e+00 1.500000e+00
 -2.250000e+01 9 1.500000e+00
 -2.250000e+01 9.500000e+00 1.500000e+00
 -2.250000e+01 10 1.500000e+00
 -22 -7 1.500000e+00
 -22 -6.500000e+00 1.500000e+00
 -22 -6 1.500000e+00
 -22 -5.500000e+00 1.500000e+00
 -22 -5 1.500000e+00
 -22 -4.500000e+00 1.500000e+00
 -22 -4 1.500000e+00
 -22 -3.500000e+00 1.500000e+00
 -22 -3 1.500000e+00
 -22 -2.500000e+00 1.500000e+00
 -22 -2 1.500000e+00
 -22 -1.500000e+00 1.500000e+00
 -22 2.500000e+00 1.500000e+00
 -22 3 1.500000e+00
 -22 3.500000e+00 1.500000e+00
 -22 4 1.500000e+00
 -22 4.500000e+00 1.500000e+00
 -22 5 1.500000e+00
 -22 5.500000e+00 1.500000e+00
 -22 6 1.500000e+00
 -22 6.500000e+00 1.500000e+00
 -22 7 1.500000e+00
 -22 7.500000e+00 1.500000e+00
 -22 8 1.500000e+00
 -22 8.500000e+00 1.500000e+00
 -22 9 1.500000e+00
 -22 9.500000e+00 1.500000e+00
 -22 10 1.500000e+00
 -2.150000e+01 -7 1.500000e+00
 -2.150000e+01 -6.500000e+00 1.500000e+00
 -2.150000e+01 -6 1.500000e+00
 -2.150000e+01 -5.500000e+00 1.500000e+00
 -2.150000e+01 -5 1.500000e+00
 -2.150000e+01 -4.500000e+00 1.500000e+00
 -2.150000e+01 -4 1.500000e+00
 -2.150000e+01 -3.500000e+00 1.500000e+00
 -2.150000e+01 -3 1.500000e+00
 -2.150000e+01 -2.500000e+00 1.500000e+00
 -2.150000e+01 -2 1.500000e+00
 -2.150000e+01 2.500000e+00 1.500000e+00
 -2.150000e+01 3 1.500000e+00
 -2.150000e+01 3.500000e+00 1.500000e+00
 -2.150000e+01 4 1.500000e+00
 -2.150000e+01 4.500000e+00 1.500000e+00
 -2.150000e+01 5 1.500000e+00
 -2.150000e+01 5.500000e+00 1.500000e+00
 -2.150000e+01 6 1.500000e+00
 -2.150000e+01 6.500000e+00 1.500000e+00
 -2.150000e+01 7 1.500000e+00
 -2.150000e+01 7.500000e+00 1.500000e+00
 -2.150000e+01 8 1.500000e+00
 -2.150000e+01 8.500000e+00 1.500000e+00
 -2.150000e+01 9 1.500000e+00
 -2.150000e+01 9.500000e+00 1.500000e+00
 -2.150000e+01 10 1.500000e+00
 -21 -7 1.500000e+00
 -21 -6.500000e+00 1.500000e+00
 -21 -6 1.500000e+00
 -21 -5.500000e+00 1.500000e+00
 -21 -5 1.500000e+00
 -21 -4.500000e+00 1.500000e+00
 -21 -4 1.500000e+00
 -21 -3.500000e+00 1.500000e+00
 -21 -3 1.500000e+00
 -21 -2.500000e+00 1.500000e+00
 -21 2.500000e+00 1.500000e+00
 -21 3 1.500000e+00
 -21 3.500000e+00 1.500000e+00
 -21 4 1.500000e+00
 -21 4.500000e+00 1.500000e+00
 -21 5 1.500000e+00
 -21 5.500000e+00 1.500000e+00
 -21 6 1.500000e+00
 -21 6.500000e+00 1.500000e+00
 -21 7 1.500000e+00
 -21 7.500000e+00 1.500000e+00
 -21 8 1.500000e+00
 -21 8.500000e+00 1.500000e+00
 -21 9 1.500000e+00
 -21 9.500000e+00 1.500000e+00
 -21 10 1.500000e+00
 -2.050000e+01 -7 1.500000e+00
 -2.050000e+01 -6.500000e+00 1.500000e+00
 -2.050000e+01 -6 1.500000e+00
 -2.050000e+01 -5.500000e+00 1.500000e+00
 -2.050000e+01 -5 1.500000e+00
 -2.050000e+01 -4.500000e+00 1.500000e+00
 -2.050000e+01 -4 1.500000e+00
 -2.050000e+01 -3.500000e+00 1.500000e+00
 -2.050000e+01 -3 1.500000e+00
 -2.050000e+01 2.500000e+00 1.500000e+00
 -2.050000e+01 3 1.500000e+00
 -2.050000e+01 3.500000e+00 1.500000e+00
 -2.050000e+01 4 1.500000e+00
 -2.050000e+01 4.500000e+00 1.500000e+00
 -2.050000e+01 5 1.500000e+00
 -2.050000e+01 5.500000e+00 1.500000e+00
 -2.050000e+01 6 1.500000e+00
 -2.050000e+01 6.500000e+00 1.500000e+00
 -2.050000e+01 7 1.500000e+00
 -2.050000e+01 7.500000e+00 1.500000e+00
 -2.050000e+01 8 1.500000e+00
 -2.050000e+01 8.500000e+00 1.500000e+00
 -2.050000e+01 9 1.500000e+00
 -2.050000e+01 9.500000e+00 1.500000e+00
 -2.050000e+01 10 1.500000e+00
 -20 -7 1.500000e+00
 -20 -6.500000e+00 1.500000e+00
 -20 -6 1.500000e+00
 -20 -5.500000e+00 1.500000e+00
 -20 -5 1.500000e+00
 -20 -4.500000e+00 1.500000e+00
 -20 -4 1.500000e+00
 -20 -3.500000e+00 1.500000e+00
 -20 2.500000e+00 1.500000e+00
 -20 3 1.500000e+00
 -20 3.500000e+00 1.500000e+00
 -20 4 1.500000e+00
 -20 4.500000e+00 1.500000e+00
 -20 5 1.500000e+00
 -20 5.500000e+00 1.500000e+00
 -20 6 1.500000e+00
 -20 6.500000e+00 1.500000e+00
 -20 7 1.500000e+00
 -20 7.500000e+00 1.500000e+00
 -20 8 1.500000e+00
 -20 8.500000e+00 1.500000e+00
 -20 9 1.500000e+00
 -20 9.500000e+00 1.500000e+00
 -20 10 1.500000e+00
 -1.950000e+01 -7 1.500000e+00
 -1.950000e+01 -6.500000e+00 1.500000e+00
 -1.950000e+01 -6 1.500000e+00
 -1.950000e+01 -5.500000e+00 1.500000e+00
 -1.950000e+01 -5 1.500000e+00
 -1.950000e+01 -4.500000e+00 1.500000e+00
 -1.950000e+01 -4 1.500000e+00
 -1.950000e+01 2.500000e+00 1.500000e+00
 -1.950000e+01 3 1.500000e+00
 -1.950000e+01 3.500000e+00 1.500000e+00
 -1.950000e+01 4 1.500000e+00
 -1.950000e+01 4.500000e+00 1.500000e+00
 -1.950000e+01 5 1.500000e+00
 -1.950000e+01 5.500000e+00 1.500000e+00
 -1.950000e+01 6 1.500000e+00
 -1.950000e+01 6.500000e+00 1.500000e+00
 -1.950000e+01 7 1.500000e+00
 -1.950000e+01 7.500000e+00 1.500000e+00
 -1.950000e+01 8 1.500000e+00
 -1.950000e+01 8.500000e+00 1.500000e+00
 -1.950000e+01 9 1.500000e+00
 -1.950000e+01 9.500000e+00 1.500000e+00
 -1.950000e+01 10 1.500000e+00
 -19 -7 1.500000e+00
 -19 -6.500000e+00 1.500000e+00
 -19 -6 1.500000e+00
 -19 -5.500000e+00 1.500000e+00
 -19 -5 1.500000e+00
 -19 -4.500000e+00 1.500000e+00
 -19 -4 1.500000e+00
 -19 2.500000e+00 1.500000e+00
 -19 3 1.500000e+00
 -19 3.500000e+00 1.500000e+00
 -19 4 1.500000e+00
 -19 4.500000e+00 1.500000e+00
 -19 5 1.500000e+00
 -19 5.500000e+00 1.500000e+00
 -19 6 1.500000e+00
 -19 6.500000e+00 1.500000e+00
 -19 7 1.500000e+00
 -19 7.500000e+00 1.500000e+00
 -19 8 1.500000e+00
 -19 8.500000e+00 1.500000e+00
 -19 9 1.500000e+00
 -19 9.500000e+00 1.500000e+00
 -19 10 1.500000e+00
 -1.850000e+01 -7 1.500000e+00
 -1.850000e+01 -6.500000e+00 1.500000e+00
 -1.850000e+01 -6 1.500000e+00
 -1.850000e+01 -5.500000e+00 1.500000e+00
 -1.850000e+01 -5 1.500000e+00
 -1.850000e+01 -4.500000e+00 1.500000e+00
 -1.850000e+01 -4 1.500000e+00
 -1.850000e+01 2.500000e+00 1.500000e+00
 -1.850000e+01 3 1.500000e+00
 -1.850000e+01 3.500000e+00 1.500000e+00
 -1.850000e+01 4 1.500000e+00
 -1.850000e+01 4.500000e+00 1.500000e+00
 -1.850000e+01 5 1.500000e+00
 -1.850000e+01 5.500000e+00 1.500000e+00
 -1.850000e+01 6 1.500000e+00
 -1.850000e+01 6.500000e+00 1.500000e+00
 -1.850000e+01 7 1.500000e+00
 -1.850000e+01 7.500000e+00 1.500000e+00
 -1.850000e+01 8 1.500000e+00
 -1.850000e+01 8.500000e+00 1.500000e+00
 -1.850000e+01 9 1.500000e+00
 -1.850000e+01 9.500000e+00 1.500000e+00
 -1.850000e+01 10 1.500000e+00
 -18 -7 1.500000e+00
 -18 -6.500000e+00 1.500000e+00
 -18 -6 1.500000e+00
 -18 -5.500000e+00 1.500000e+00
 -18 -5 1.500000e+00
 -18 -4.500000e+00 1.500000e+00
 -18 -4 1.500000e+00
 -18 2.500000e+00 1.500000e+00
 -18 3 1.500000e+00
 -18 3.500000e+00 1.500000e+00
 -18 4 1.500000e+00
 -18 4.500000e+00 1.500000e+00
 -18 5 1.500000e+00
 -18 5.500000e+00 1.500000e+00
 -18 6 1.500000e+00
 -18 6.500000e+00 1.500000e+00
 -18 7 1.500000e+00
 -18 7.500000e+00 1.500000e+00
 -18 8 1.500000e+00
 -18 8.500000e+00 1.500000e+00
 -18 9 1.500000e+00
 -18 9.500000e+00 1.500000e+00
 -18 10 1.500000e+00
 -1.750000e+01 -7 1.500000e+00
 -1.750000e+01 -6.500000e+00 1.500000e+00
 -1.750000e+01 -6 1.500000e+00
 -1.750000e+01 -5.500000e+00 1.500000e+00
 -1.750000e+01 -5 1.500000e+00
 -1.750000e+01 -4.500000e+00 1.500000e+00
 -1.750000e+01 2.500000e+00 1.500000e+00
 -1.750000e+01 3 1.500000e+00
 -1.750000e+01 3.500000e+00 1.500000e+00
 -1.750000e+01 4 1.500000e+00
 -1.750000e+01 4.500000e+00 1.500000e+00
 -1.750000e+01 5 1.500000e+00
 -1.750000e+01 5.500000e+00 1.500000e+00
 -1.750000e+01 6 1.500000e+00
 -1.750000e+01 6.500000e+00 1.500000e+00
 -1.750000e+01 7 1.500000e+00
 -1.750000e+01 7.500000e+00 1.500000e+00
 -1.750000e+01 8 1.500000e+00
 -1.750000e+01 8.500000e+00 1.500000e+00
 -1.750000e+01 9 1.500000e+00
 -1.750000e+01 9.500000e+00 1.500000e+00
 -1.750000e+01 10 1.500000e+00
 -17 -7 1.500000e+00
 -17 -6.500000e+00 1.500000e+00
 -17 -6 1.500000e+00
 -17 -5.500000e+00 1.500000e+00
 -17 -5 1.500000e+00
 -17 -4.500000e+00 1.500000e+00
 -17 2.500000e+00 1.500000e+00
 -17 3 1.500000e+00
 -17 3.500000e+00 1.500000e+00
 -17 4 1.500000e+00
 -17 4.500000e+00 1.500000e+00
 -17 5 1.500000e+00
 -17 5.500000e+00 1.500000e+00
 -17 6 1.500000e+00
 -17 6.500000e+00 1.500000e+00
 -17 7 1.500000e+00
 -17 7.500000e+00 1.500000e+00
 -17 8 1.500000e+00
 -17 8.500000e+00 1.500000e+00
 -17 9 1.500000e+00
 -17 9.500000e+00 1.500000e+00
 -17 10 1.500000e+00
 -1.650000e+01 -7 1.500000e+00
 -1.650000e+01 -6.500000e+00 1.500000e+00
 -1.650000e+01 -6 1.500000e+00
 -1.650000e+01 -5.500000e+00 1.500000e+00
 -1.650000e+01 -5 1.500000e+00
 -1.650000e+01 -4.500000e+00 1.500000e+00
 -1.650000e+01 -4 1.500000e+00
 -1.650000e+01 2.500000e+00 1.500000e+00
 -1.650000e+01 3 1.500000e+00
 -1.650000e+01 3.500000e+00 1.500000e+00
 -1.650000e+01 4 1.500000e+00
 -1.650000e+01 4.500000e+00 1.500000e+00
 -1.650000e+01 5 1.500000e+00
 -1.650000e+01 5.500000e+00 1.500000e+00
 -1.650000e+01 6 1.500000e+00
 -1.650000e+01 6.500000e+00 1.500000e+00
 -1.650000e+01 7 1.500000e+00
 -1.650000e+01 7.500000e+00 1.500000e+00
 -1.650000e+01 8 1.500000e+00
 -1.650000e+01 8.500000e+00 1.500000e+00
 -1.650000e+01 9 1.500000e+00
 -1.650000e+01 9.500000e+00 1.500000e+00
 -1.650000e+01 10 1.500000e+00
 -16 -7 1.500000e+00
 -16 -6.500000e+00 1.500000e+00
 -16 -6 1.500000e+00
 -16 -5.500000e+00 1.500000e+00
 -16 -5 1.500000e+00
 -16 -4.500000e+00 1.500000e+00
 -16 -4 1.500000e+00
 -16 2.500000e+00 1.500000e+00
 -16 3 1.500000e+00
 -16 3.500000e+00 1.500000e+00
 -16 4 1.500000e+00
 -16 4.500000e+00 1.500000e+00
 -16 5 1.500000e+00
 -16 5.500000e+00 1.500000e+00
 -16 6 1.500000e+00
 -16 6.500000e+00 1.500000e+00
 -16 7 1.500000e+00
 -16 7.500000e+00 1.500000e+00
 -16 8 1.500000e+00
 -16 8.500000e+00 1.500000e+00
 -16 9 1.500000e+00
 -16 9.500000e+00 1.500000e+00
 -16 10 1.500000e+00
 -1.550000e+01 -7 1.500000e+00
 -1.550000e+01 -6.500000e+00 1.500000e+00
 -1.550000e+01 -6 1.500000e+00
 -1.550000e+01 -5.500000e+00 1.500000e+00
 -1.550000e+01 -5 1.500000e+00
 -1.550000e+01 -4.500000e+00 1.500000e+00
 -1.550000e+01 -4 1.500000e+00
 -1.550000e+01 2.500000e+00 1.500000e+00
 -1.550000e+01 3 1.500000e+00
 -1.550000e+01 3.500000e+00 1.500000e+00
 -1.550000e+01 4 1.500000e+00
 -1.550000e+01 4.500000e+00 1.500000e+00
 -1.550000e+01 5 1.500000e+00
 -1.550000e+01 5.500000e+00 1.500000e+00
 -1.550000e+01 6 1.500000e+00
 -1.550000e+01 6.500000e+00 1.500000e+00
 -1.550000e+01 7 1.500000e+00
 -1.550000e+01 7.500000e+00 1.500000e+00
 -1.550000e+01 8 1.500000e+00
 -1.550000e+01 8.500000e+00 1.500000e+00
 -1.550000e+01 9 1.500000e+00
 -1.550000e+01 9.500000e+00 1.500000e+00
 -1.550000e+01 10 1.500000e+00
 -15 -7 1.500000e+00
 -15 -6.500000e+00 1.500000e+00
 -15 -6 1.500000e+00
 -15 -5.500000e+00 1.500000e+00
 -15 -5 1.500000e+00
 -15 -4.500000e+00 1.500000e+00
 -15 -4 1.500000e+00
 -15 -3.500000e+00 1.500000e+00
 -15 2.500000e+00 1.500000e+00
 -15 3 1.500000e+00
 -15 3.500000e+00 1.500000e+00
 -15 4 1.500000e+00
 -15 4.500000e+00 1.500000e+00
 -15 5 1.500000e+00
 -15 5.500000e+00 1.500000e+00
 -15 6 1.500000e+00
 -15 6.500000e+00 1.500000e+00
 -15 7 1.500000e+00
 -15 7.500000e+00 1.500000e+00
 -15 8 1.500000e+00
 -15 8.500000e+00 1.500000e+00
 -15 9 1.500000e+00
 -15 9.500000e+00 1.500000e+00
 -15 10 1.500000e+00
 -1.450000e+01 -7 1.500000e+00
 -1.450000e+01 -6.500000e+00 1.500000e+00
 -1.450000e+01 -6 1.500000e+00
 -1.450000e+01 -5.500000e+00 1.500000e+00
 -1.450000e+01 -5 1.500000e+00
 -1.450000e+01 -4.500000e+00 1.500000e+00
 -1.450000e+01 -4 1.500000e+00
 -1.450000e+01 -3.500000e+00 1.500000e+00
 -1.450000e+01 2.500000e+00 1.500000e+00
 -1.450000e+01 3 1.500000e+00
 -1.450000e+01 3.500000e+00 1.500000e+00
 -1.450000e+01 4 1.500000e+00
 -1.450000e+01 4.500000e+00 1.500000e+00
 -1.450000e+01 5 1.500000e+00
 -1.450000e+01 5.500000e+00 1.500000e+00
 -1.450000e+01 6 1.500000e+00
 -1.450000e+01 6.500000e+00 1.500000e+00
 -1.450000e+01 7 1.500000e+00
 -1.450000e+01 7.500000e+00 1.500000e+00
 -1.450000e+01 8 1.500000e+00
 -1.450000e+01 8.500000e+00 1.500000e+00
 -1.450000e+01 9 1.500000e+00
 -1.450000e+01 9.500000e+00 1.500000e+00
 -1.450000e+01 10 1.500000e+00
 -14 -7 1.500000e+00
 -14 -6.500000e+00 1.500000e+00
 -14 -6 1.500000e+00
 -14 -5.500000e+00 1.500000e+00
 -14 -5 1.500000e+00
 -14 -4.500000e+00 1.500000e+00
 -14 -4 1.500000e+00
 -14 -3.500000e+00 1.500000e+00
 -14 -3 1.500000e+00
 -14 2.500000e+00 1.500000e+00
 -14 3 1.500000e+00
 -14 3.500000e+00 1.500000e+00
 -14 4 1.500000e+00
 -14 4.500000e+00 1.500000e+00
 -14 5 1.500000e+00
 -14 5.500000e+00 1.500000e+00
 -14 6 1.500000e+00
 -14 6.500000e+00 1.500000e+00
 -14 7 1.500000e+00
 -14 7.500000e+00 1.500000e+00
 -14 8 1.500000e+00
 -14 8.500000e+00 1.500000e+00
 -14 9 1.500000e+00
 -14 9.500000e+00 1.500000e+00
 -14 10 1.500000e+00
 -1.350000e+01 -7 1.500000e+00
 -1.350000e+01 -6.500000e+00 1.500000e+00
 -1.350000e+01 -6 1.500000e+00
 -1.350000e+01 -5.500000e+00 1.500000e+00
 -1.350000e+01 -5 1.500000e+00
 -1.350000e+01 -4.500000e+00 1.500000e+00
 -1.350000e+01 -4 1.500000e+00
 -1.350000e+01 -3.500000e+00 1.500000e+00
 -1.350000e+01 -3 1.500000e+00
 -1.350000e+01 -2.500000e+00 1.500000e+00
 -1.350000e+01 2.500000e+00 1.500000e+00
 -1.350000e+01 3 1.500000e+00
 -1.350000e+01 3.500000e+00 1.500000e+00
 -1.350000e+01 4 1.500000e+00
 -1.350000e+01 4.500000e+00 1.500000e+00
 -1.350000e+01 5 1.500000e+00
 -1.350000e+01 5.500000e+00 1.500000e+00
 -1.350000e+01 6 1.500000e+00
 -1.350000e+01 6.500000e+00 1.500000e+00
 -1.350000e+01 7 1.500000e+00
 -1.350000e+01 7.500000e+00 1.500000e+00
 -1.350000e+01 8 1.500000e+00
 -1.350000e+01 8.500000e+00 1.500000e+00
 -1.350000e+01 9 1.500000e+00
 -1.350000e+01 9.500000e+00 1.500000e+00
 -1.350000e+01 10 1.500000e+00
 -13 -7 1.500000e+00
 -13 -6.500000e+00 1.500000e+00
 -13 -6 1.500000e+00
 -13 -5.500000e+00 1.500000e+00
 -13 -5 1.500000e+00
 -13 -4.500000e+00 1.500000e+00
 -13 -4 1.500000e+00
 -13 -3.500000e+00 1.500000e+00
 -13 -3 1.500000e+00
 -13 -2.500000e+00 1.500000e+00
 -13 -2 1.500000e+00
 -13 -1.500000e+00 1.500000e+00
 -13 2.500000e+00 1.500000e+00
 -13 3 1.500000e+00
 -13 3.500000e+00 1.500000e+00
 -13 4 1.500000e+00
 -13 4.500000e+00 1.500000e+00
 -13 5 1.500000e+00
 -13 5.500000e+00 1.500000e+00
 -13 6 1.500000e+00
 -13 6.500000e+00 1.500000e+00
 -13 7 1.500000e+00
 -13 7.500000e+00 1.500000e+00
 -13 8 1.500000e+00
 -13 8.500000e+00 1.500000e+00
 -13 9 1.500000e+00
 -13 9.500000e+00 1.500000e+00
 -13 10 1.500000e+00
 -1.250000e+01 -7 1.500000e+00
 -1.250000e+01 -6.500000e+00 1.500000e+00
 -1.250000e+01 -6 1.500000e+00
 -1.250000e+01 -5.500000e+00 1.500000e+00
 -1.250000e+01 -5 1.500000e+00
 -1.250000e+01 -4.500000e+00 1.500000e+00
 -1.250000e+01 -4 1.500000e+00
 -1.250000e+01 -3.500000e+00 1.500000e+00
 -1.250000e+01 -3 1.500000e+00
 -1.250000e+01 -2.500000e+00 1.500000e+00
 -1.250000e+01 -2 1.500000e+00
 -1.250000e+01 -1.500000e+00 1.500000e+00
 -1.250000e+01 -1 1.500000e+00
 -1.250000e+01 -5.000000e-01 1.500000e+00
 -1.250000e+01 0 1.500000e+00
 -1.250000e+01 5.000000e-01 1.500000e+00
 -1.250000e+01 1 1.500000e+00
 -1.250000e+01 1.500000e+00 1.500000e+00
 -1.250000e+01 2 1.500000e+00
 -1.250000e+01 2.500000e+00 1.500000e+00
 -1.250000e+01 3 1.500000e+00
 -1.250000e+01 3.500000e+00 1.500000e+00
 -1.250000e+01 4 1.500000e+00
 -1.250000e+01 4.500000e+00 1.500000e+00
 -1.250000e+01 5 1.500000e+00
 -1.250000e+01 5.500000e+00 1.500000e+00
 -1.250000e+01 6 1.500000e+00
 -1.250000e+01 6.500000e+00 1.500000e+00
 -1.250000e+01 7 1.500000e+00
 -1.250000e+01 7.500000e+00 1.500000e+00
 -1.250000e+01 8 1.500000e+00
 -1.250000e+01 8.500000e+00 1.500000e+00
 -1.250000e+01 9 1.500000e+00
 -1.250000e+01 9.500000e+00 1.500000e+00
 -1.250000e+01 10 1.500000e+00
 -12 -7 1.500000e+00
 -12 -6.500000e+00 1.500000e+00
 -12 -6 1.500000e+00
 -12 -5.500000e+00 1.500000e+00
 -12 -5 1.500000e+00
 -12 -4.500000e+00 1.500000e+00
 -12 -4 1.500000e+00
 -12 -3.500000e+00 1.500000e+00
 -12 -3 1.500000e+00
 -12 -2.500000e+00 1.500000e+00
 -12 -2 1.500000e+00
 -12 -1.500000e+00 1.500000e+00
 -12 -1 1.500000e+00
 -12 -5.000000e-01 1.500000e+00
 -12 0 1.500000e+00
 -12 5.000000e-01 1.500000e+00
 -12 1 1.500000e+00
 -12 1.500000e+00 1.500000e+00
 -12 2 1.500000e+00
 -12 2.500000e+00 1.500000e+00
 -12 3 1.500000e+00
 -12 3.500000e+00 1.500000e+00
 -12 4 1.500000e+00
 -12 4.500000e+00 1.500000e+00
 -12 5 1.500000e+00
 -12 5.500000e+00 1.500000e+00
 -12 6 1.500000e+00
 -12 6.500000e+00 1.500000e+00
 -12 7 1.500000e+00
 -12 7.500000e+00 1.500000e+00
 -12 8 1.500000e+00
 -12 8.500000e+00 1.500000e+00
 -12 9 1.500000e+00
 -12 9.500000e+00 1.500000e+00
 -12 10 1.500000e+00
 -12 1.050000e+01 1.500000e+00
 -1.150000e+01 -7 1.500000e+00
 -1.150000e+01 -6.500000e+00 1.500000e+00
 -1.150000e+01 -6 1.500000e+00
 -1.150000e+01 -5.500000e+00 1.500000e+00
 -1.150000e+01 -5 1.500000e+00
 -1.150000e+01 -4.500000e+00 1.500000e+00
 -1.150000e+01 -4 1.500000e+00
 -1.150000e+01 -3.500000e+00 1.500000e+00
 -1.150000e+01 -3 1.500000e+00
 -1.150000e+01 -2.500000e+00 1.500000e+00
 -1.150000e+01 -2 1.500000e+00
 -1.150000e+01 -1.500000e+00 1.500000e+00
 -1.150000e+01 -1 1.500000e+00
 -1.150000e+01 -5.000000e-01 1.500000e+00
 -1.150000e+01 0 1.500000e+00
 -1.150000e+01 5.000000e-01 1.500000e+00
 -1.150000e+01 1 1.500000e+00
 -1.150000e+01 1.500000e+00 1.500000e+00
 -1.150000e+01 2 1.500000e+00
 -1.150000e+01 2.500000e+00 1.500000e+00
 -1.150000e+01 3 1.500000e+00
 -1.150000e+01 3.500000e+00 1.500000e+00
 -1.150000e+01 4 1.500000e+00
 -1.150000e+01 4.500000e+00 1.500000e+00
 -1.150000e+01 5 1.500000e+00
 -1.150000e+01 5.500000e+00 1.500000e+00
 -1.150000e+01 6 1.500000e+00
 -1.150000e+01 6.500000e+00 1.500000e+00
 -1.150000e+01 7 1.500000e+00
 -1.150000e+01 7.500000e+00 1.500000e+00
 -1.150000e+01 8 1.500000e+00
 -1.150000e+01 8.500000e+00 1.500000e+00
 -1.150000e+01 9 1.500000e+00
 -1.150000e+01 9.500000e+00 1.500000e+00
 -1.150000e+01 10 1.500000e+00
 -1.150000e+01 1.050000e+01 1.500000e+00
 -11 -7 1.500000e+00
 -11 -6.500000e+00 1.500000e+00
 -11 -6 1.500000e+00
 -11 -5.500000e+00 1.500000e+00
 -11 -5 1.500000e+00
 -11 -4.500000e+00 1.500000e+00
 -11 -4 1.500000e+00
 -11 -3.500000e+00 1.500000e+00
 -11 -3 1.500000e+00
 -11 -2.500000e+00 1.500000e+00
 -11 -2 1.500000e+00
 -11 -1.500000e+00 1.500000e+00
 -11 -1 1.500000e+00
 -11 -5.000000e-01 1.500000e+00
 -11 0 1.500000e+00
 -11 5.000000e-01 1.500000e+00
 -11 1 1.500000e+00
 -11 1.500000e+00 1.500000e+00
 -11 2 1.500000e+00
 -11 2.500000e+00 1.500000e+00
 -11 3 1.500000e+00
 -11 3.500000e+00 1.500000e+00
 -11 4 1.500000e+00
 -11 4.500000e+00 1.500000e+00
 -11 5 1.500000e+00
 -11 5.500000e+00 1.500000e+00
 -11 6 1.500000e+00
 -11 6.500000e+00 1.500000e+00
 -11 7 1.500000e+00
 -11 7.500000e+00 1.500000e+00
 -11 8 1.500000e+00
 -11 8.500000e+00 1.500000e+00
 -11 9 1.500000e+00
 -11 9.500000e+00 1.500000e+00
 -11 10 1.500000e+00
 -11 1.050000e+01 1.500000e+00
 -1.050000e+01 -7.500000e+00 1.500000e+00
 -1.050000e+01 -7 1.500000e+00
 -1.050000e+01 -6.500000e+00 1.500000e+00
 -1.050000e+01 -6 1.500000e+00
 -1.050000e+01 -5.500000e+00 1.500000e+00
 -1.050000e+01 -5 1.500000e+00
 -1.050000e+01 -4.500000e+00 1.500000e+00
 -1.050000e+01 -4 1.500000e+00
 -1.050000e+01 -3.500000e+00 1.500000e+00
 -1.050000e+01 -3 1.500000e+00
 -1.050000e+01 -2.500000e+00 1.500000e+00
 -1.050000e+01 -2 1.500000e+00
 -1.050000e+01 -1.500000e+00 1.500000e+00
 -1.050000e+01 -1 1.500000e+00
 -1.050000e+01 -5.000000e-01 1.500000e+00
 -1.050000e+01 0 1.500000e+00
 -1.050000e+01 5.000000e-01 1.500000e+00
 -1.050000e+01 1 1.500000e+00
 -1.050000e+01 1.500000e+00 1.500000e+00
 -1.050000e+01 2 1.500000e+00
 -1.050000e+01 2.500000e+00 1.500000e+00
 -1.050000e+01 3 1.500000e+00
 -1.050000e+01 3.500000e+00 1.500000e+00
 -1.050000e+01 4 1.500000e+00
 -1.050000e+01 4.500000e+00 1.500000e+00
 -1.050000e+01 5 1.500000e+00
 -1.050000e+01 5.500000e+00 1.500000e+00
 -1.050000e+01 6 1.500000e+00
 -1.050000e+01 6.500000e+00 1.500000e+00
 -1.050000e+01 7 1.500000e+00
 -1.050000e+01 7.500000e+00 1.500000e+00
 -1.050000e+01 8 1.500000e+00
 -1.050000e+01 8.500000e+00 1.500000e+00
 -1.050000e+01 9 1.500000e+00
 -1.050000e+01 9.500000e+00 1.500000e+00
 -1.050000e+01 10 1.500000e+00
 -1.050000e+01 1.050000e+01 1.500000e+00
 -10 -7.500000e+00 1.500000e+00
 -10 -7 1.500000e+00
 -10 -6.500000e+00 1.500000e+00
 -10 -6 1.500000e+00
 -10 -5.500000e+00 1.500000e+00
 -10 -5 1.500000e+00
 -10 -4.500000e+00 1.500000e+00
 -10 -4 1.500000e+00
 -10 -3.500000e+00 1.500000e+00
 -10 -3 1.500000e+00
 -10 -2.500000e+00 1.500000e+00
 -10 -2 1.500000e+00
 -10 -1.500000e+00 1.500000e+00
 -10 -1 1.500000e+00
 -10 -5.000000e-01 1.500000e+00
 -10 0 1.500000e+00
 -10 5.000000e-01 1.500000e+00
 -10 1 1.500000e+00
 -10 1.500000e+00 1.500000e+00
 -10 2 1.500000e+00
 -10 2.500000e+00 1.500000e+00
 -10 3 1.500000e+00
 -10 3.500000e+00 1.500000e+00
 -10 4 1.500000e+00
 -10 4.500000e+00 1.500000e+00
 -10 5 1.500000e+00
 -10 5.500000e+00 1.500000e+00
 -10 6 1.500000e+00
 -10 6.500000e+00 1.500000e+00
 -10 7 1.500000e+00
 -10 7.500000e+00 1.500000e+00
 -10 8 1.500000e+00
 -10 8.500000e+00 1.500000e+00
 -10 9 1.500000e+00
 -10 9.500000e+00 1.500000e+00
 -10 10 1.500000e+00
 -10 1.050000e+01 1.500000e+00
 -9.500000e+00 -7.500000e+00 1.500000e+00
 -9.500000e+00 -7 1.500000e+00
 -9.500000e+00 -6.500000e+00 1.500000e+00
 -9.500000e+00 -6 1.500000e+00
 -9.500000e+00 -5.500000e+00 1.500000e+00
 -9.500000e+00 -5 1.500000e+00
 -9.500000e+00 -4.500000e+00 1.500000e+00
 -9.500000e+00 -4 1.500000e+00
 -9.500000e+00 -3.500000e+00 1.500000e+00
 -9.500000e+00 -3 1.500000e+00
 -9.500000e+00 -2.500000e+00 1.500000e+00
 -9.500000e+00 -2 1.500000e+00
 -9.500000e+00 -1.500000e+00 1.500000e+00
 -9.500000e+00 -1 1.500000e+00
 -9.500000e+00 -5.000000e-01 1.500000e+00
 -9.500000e+00 0 1.500000e+00
 -9.500000e+00 5.000000e-01 1.500000e+00
 -9.500000e+00 1 1.500000e+00
 -9.500000e+00 1.500000e+00 1.500000e+00
 -9.500000e+00 2 1.500000e+00
 -9.500000e+00 2.500000e+00 1.500000e+00
 -9.500000e+00 3 1.500000e+00
 -9.500000e+00 3.500000e+00 1.500000e+00
 -9.500000e+00 4 1.500000e+00
 -9.500000e+00 4.500000e+00 1.500000e+00
 -9.500000e+00 5 1.500000e+00
 -9.500000e+00 5.500000e+00 1.500000e+00
 -9.500000e+00 6 1.500000e+00
 -9.500000e+00 6.500000e+00 1.500000e+00
 -9.500000e+00 7 1.500000e+00
 -9.500000e+00 7.500000e+00 1.500000e+00
 -9.500000e+00 8 1.500000e+00
 -9.500000e+00 8.500000e+00 1.500000e+00
 -9.500000e+00 9 1.500000e+00
 -9.500000e+00 9.500000e+00 1.500000e+00
 -9.500000e+00 10 1.500000e+00
 -9.500000e+00 1.050000e+01 1.500000e+00
 -9 -7.500000e+00 1.500000e+00
 -9 -7 1.500000e+00
 -9 -6.500000e+00 1.500000e+00
 -9 -6 1.500000e+00
 -9 -5.500000e+00 1.500000e+00
 -9 -5 1.500000e+00
 -9 -4.500000e+00 1.500000e+00
 -9 -4 1.500000e+00
 -9 -3.500000e+00 1.500000e+00
 -9 -3 1.500000e+00
 -9 -2.500000e+00 1.500000e+00
 -9 -2 1.500000e+00
 -9 -1.500000e+00 1.500000e+00
 -9 -1 1.500000e+00
 -9 -5.000000e-01 1.500000e+00
 -9 0 1.500000e+00
 -9 5.000000e-01 1.500000e+00
 -9 1 1.500000e+00
 -9 1.500000e+00 1.500000e+00
 -9 2 1.500000e+00
 -9 2.500000e+00 1.500000e+00
 -9 3 1.500000e+00
 -9 6 1.500000e+00
 -9 6.500000e+00 1.500000e+00
 -9 7 1.500000e+00
 -9 1.050000e+01 1.500000e+00
 -12 11 1.500000e+00
 -12 1.150000e+01 1.500000e+00
 -12 12 1.500000e+00
 -12 1.250000e+01 1.500000e+00
 -12 13 1.500000e+00
 -1.150000e+01 11 1.500000e+00
 -1.150000e+01 1.150000e+01 1.500000e+00
 -1.150000e+01 12 1.500000e+00
 -1.150000e+01 1.250000e+01 1.500000e+00
 -1.150000e+01 13 1.500000e+00
 -11 11 1.500000e+00
 -11 1.150000e+01 1.500000e+00
 -11 12 1.500000e+00
 -11 1.250000e+01 1.500000e+00
 -11 13 1.500000e+00
 -1.050000e+01 11 1.500000e+00
 -1.050000e+01 1.150000e+01 1.500000e+00
 -1.050000e+01 12 1.500000e+00
 -1.050000e+01 1.250000e+01 1.500000e+00
 -1.050000e+01 13 1.500000e+00
 -10 11 1.500000e+00
 -10 1.150000e+01 1.500000e+00
 -10 12 1.500000e+00
 -10 1.250000e+01 1.500000e+00
 -10 13 1.500000e+00
 -9.500000e+00 11 1.500000e+00
 -9.500000e+00 1.150000e+01 1.500000e+00
 -9.500000e+00 12 1.500000e+00
 -9.500000e+00 1.250000e+01 1.500000e+00
 -9.500000e+00 13 1.500000e+00
 -9 11 1.500000e+00
 -9 1.150000e+01 1.500000e+00
 -9 12 1.500000e+00
 -9 1.250000e+01 1.500000e+00
 -9 13 1.500000e+00
 -4.350000e+01 1.650000e+01 1.500000e+00
 -4.350000e+01 17 1.500000e+00
 -4.350000e+01 1.750000e+01 1.500000e+00
 -4.350000e+01 18 1.500000e+00
 -4.350000e+01 1.850000e+01 1.500000e+00
 -4.350000e+01 19 1.500000e+00
 -43 1.650000e+01 1.500000e+00
 -43 17 1.500000e+00
 -43 1.750000e+01 1.500000e+00
 -43 18 1.500000e+00
 -43 1.850000e+01 1.500000e+00
 -43 19 1.500000e+00
 -4.250000e+01 1.650000e+01 1.500000e+00
 -4.250000e+01 17 1.500000e+00
 -4.250000e+01 1.750000e+01 1.500000e+00
 -4.250000e+01 18 1.500000e+00
 -4.250000e+01 1.850000e+01 1.500000e+00
 -4.250000e+01 19 1.500000e+00
 -42 1.650000e+01 1.500000e+00
 -42 17 1.500000e+00
 -42 1.750000e+01 1.500000e+00
 -42 18 1.500000e+00
 -42 1.850000e+01 1.500000e+00
 -42 19 1.500000e+00
 -4.150000e+01 1.650000e+01 1.500000e+00
 -4.150000e+01 17 1.500000e+00
 -4.150000e+01 1.750000e+01 1.500000e+00
 -4.150000e+01 18 1.500000e+00
 -4.150000e+01 1.850000e+01 1.500000e+00
 -4.150000e+01 19 1.500000e+00
 -41 1.650000e+01 1.500000e+00
 -41 17 1.500000e+00
 -41 1.750000e+01 1.500000e+00
 -41 18 1.500000e+00
 -41 1.850000e+01 1.500000e+00
 -41 19 1.500000e+00
 -4.050000e+01 1.650000e+01 1.500000e+00
 -4.050000e+01 17 1.500000e+00
 -4.050000e+01 1.750000e+01 1.500000e+00
 -4.050000e+01 18 1.500000e+00
 -4.050000e+01 1.850000e+01 1.500000e+00
 -4.050000e+01 19 1.500000e+00
 -40 1.650000e+01 1.500000e+00
 -40 17 1.500000e+00
 -40 1.750000e+01 1.500000e+00
 -40 18 1.500000e+00
 -40 1.850000e+01 1.500000e+00
 -40 19 1.500000e+00
 -3.950000e+01 1.550000e+01 1.500000e+00
 -3.950000e+01 16 1.500000e+00
 -3.950000e+01 1.650000e+01 1.500000e+00
 -3.950000e+01 17 1.500000e+00
 -3.950000e+01 1.750000e+01 1.500000e+00
 -3.950000e+01 18 1.500000e+00
 -3.950000e+01 1.850000e+01 1.500000e+00
 -3.950000e+01 19 1.500000e+00
 -39 1.550000e+01 1.500000e+00
 -39 16 1.500000e+00
 -39 1.650000e+01 1.500000e+00
 -39 17 1.500000e+00
 -39 1.750000e+01 1.500000e+00
 -39 18 1.500000e+00
 -39 1.850000e+01 1.500000e+00
 -39 19 1.500000e+00
 -3.850000e+01 1.550000e+01 1.500000e+00
 -3.850000e+01 16 1.500000e+00
 -3.850000e+01 1.650000e+01 1.500000e+00
 -3.850000e+01 17 1.500000e+00
 -3.850000e+01 1.750000e+01 1.500000e+00
 -3.850000e+01 18 1.500000e+00
 -3.850000e+01 1.850000e+01 1.500000e+00
 -3.850000e+01 19 1.500000e+00
 -38 1.550000e+01 1.500000e+00
 -38 16 1.500000e+00
 -38 1.650000e+01 1.500000e+00
 -38 17 1.500000e+00
 -38 1.750000e+01 1.500000e+00
 -38 18 1.500000e+00
 -38 1.850000e+01 1.500000e+00
 -38 19 1.500000e+00
 -3.750000e+01 1.550000e+01 1.500000e+00
 -3.750000e+01 16 1.500000e+00
 -3.750000e+01 1.650000e+01 1.500000e+00
 -3.750000e+01 17 1.500000e+00
 -3.750000e+01 1.750000e+01 1.500000e+00
 -3.750000e+01 18 1.500000e+00
 -3.750000e+01 1.850000e+01 1.500000e+00
 -3.750000e+01 19 1.500000e+00
 -37 1.550000e+01 1.500000e+00
 -37 16 1.500000e+00
 -37 1.650000e+01 1.500000e+00
 -37 17 1.500000e+00
 -37 1.750000e+01 1.500000e+00
 -37 18 1.500000e+00
 -37 1.850000e+01 1.500000e+00
 -37 19 1.500000e+00
 -3.650000e+01 1.550000e+01 1.500000e+00
 -3.650000e+01 16 1.500000e+00
 -3.650000e+01 1.650000e+01 1.500000e+00
 -3.650000e+01 17 1.500000e+00
 -3.650000e+01 1.750000e+01 1.500000e+00
 -3.650000e+01 18 1.500000e+00
 -3.650000e+01 1.850000e+01 1.500000e+00
 -3.650000e+01 19 1.500000e+00
 -36 1.550000e+01 1.500000e+00
 -36 16 1.500000e+00
 -36 1.650000e+01 1.500000e+00
 -36 17 1.500000e+00
 -36 1.750000e+01 1.500000e+00
 -36 18 1.500000e+00
 -36 1.850000e+01 1.500000e+00
 -36 19 1.500000e+00
 -3.550000e+01 1.550000e+01 1.500000e+00
 -3.550000e+01 16 1.500000e+00
 -3.550000e+01 1.650000e+01 1.500000e+00
 -3.550000e+01 17 1.500000e+00
 -3.550000e+01 1.750000e+01 1.500000e+00
 -3.550000e+01 18 1.500000e+00
 -3.550000e+01 19 1.500000e+00
 -35 1.550000e+01 1.500000e+00
 -35 16 1.500000e+00
 -35 1.650000e+01 1.500000e+00
 -35 17 1.500000e+00
 -35 1.750000e+01 1.500000e+00
 -35 18 1.500000e+00
 -35 19 1.500000e+00
 -3.450000e+01 1.550000e+01 1.500000e+00
 -3.450000e+01 16 1.500000e+00
 -3.450000e+01 1.650000e+01 1.500000e+00
 -3.450000e+01 17 1.500000e+00
 -3.450000e+01 1.750000e+01 1.500000e+00
 -3.450000e+01 18 1.500000e+00
 -3.450000e+01 1.850000e+01 1.500000e+00
 -3.450000e+01 19 1.500000e+00
 -34 1.550000e+01 1.500000e+00
 -34 16 1.500000e+00
 -34 1.650000e+01 1.500000e+00
 -34 17 1.500000e+00
 -34 1.750000e+01 1.500000e+00
 -34 18 1.500000e+00
 -34 1.850000e+01 1.500000e+00
 -34 19 1.500000e+00
 -3.350000e+01 1.650000e+01 1.500000e+00
 -3.350000e+01 17 1.500000e+00
 -3.350000e+01 1.750000e+01 1.500000e+00
 -3.350000e+01 18 1.500000e+00
 -3.350000e+01 1.850000e+01 1.500000e+00
 -3.350000e+01 19 1.500000e+00
 -33 1.650000e+01 1.500000e+00
 -33 17 1.500000e+00
 -33 1.750000e+01 1.500000e+00
 -33 18 1.500000e+00
 -33 1.850000e+01 1.500000e+00
 -33 19 1.500000e+00
 -3.250000e+01 1.650000e+01 1.500000e+00
 -3.250000e+01 17 1.500000e+00
 -3.250000e+01 1.750000e+01 1.500000e+00
 -3.250000e+01 18 1.500000e+00
 -3.250000e+01 1.850000e+01 1.500000e+00
 -3.250000e+01 19 1.500000e+00
 -32 1.650000e+01 1.500000e+00
 -32 17 1.500000e+00
 -32 1.750000e+01 1.500000e+00
 -32 18 1.500000e+00
 -32 1.850000e+01 1.500000e+00
 -32 19 1.500000e+00
 -3.150000e+01 1.650000e+01 1.500000e+00
 -3.150000e+01 17 1.500000e+00
 -3.150000e+01 1.750000e+01 1.500000e+00
 -3.150000e+01 18 1.500000e+00
 -3.150000e+01 1.850000e+01 1.500000e+00
 -3.150000e+01 19 1.500000e+00
 -31 1.650000e+01 1.500000e+00
 -31 17 1.500000e+00
 -31 1.750000e+01 1.500000e+00
 -31 18 1.500000e+00
 -31 1.850000e+01 1.500000e+00
 -31 19 1.500000e+00
 -3.050000e+01 1.650000e+01 1.500000e+00
 -3.050000e+01 17 1.500000e+00
 -3.050000e+01 1.750000e+01 1.500000e+00
 -3.050000e+01 18 1.500000e+00
 -3.050000e+01 1.850000e+01 1.500000e+00
 -3.050000e+01 19 1.500000e+00
 -30 1.650000e+01 1.500000e+00
 -30 17 1.500000e+00
 -30 1.750000e+01 1.500000e+00
 -30 18 1.500000e+00
 -30 1.850000e+01 1.500000e+00
 -30 19 1.500000e+00
 -2.950000e+01 1.650000e+01 1.500000e+00
 -2.950000e+01 17 1.500000e+00
 -2.950000e+01 1.750000e+01 1.500000e+00
 -2.950000e+01 18 1.500000e+00
 -2.950000e+01 1.850000e+01 1.500000e+00
 -2.950000e+01 19 1.500000e+00
 -29 1.650000e+01 1.500000e+00
 -29 17 1.500000e+00
 -29 1.750000e+01 1.500000e+00
 -29 18 1.500000e+00
 -29 1.850000e+01 1.500000e+00
 -29 19 1.500000e+00
 -2.850000e+01 1.650000e+01 1.500000e+00
 -2.850000e+01 17 1.500000e+00
 -2.850000e+01 1.750000e+01 1.500000e+00
 -2.850000e+01 18 1.500000e+00
 -2.850000e+01 1.850000e+01 1.500000e+00
 -2.850000e+01 19 1.500000e+00
 -28 1.650000e+01 1.500000e+00
 -28 17 1.500000e+00
 -28 1.750000e+01 1.500000e+00
 -28 18 1.500000e+00
 -28 1.850000e+01 1.500000e+00
 -28 19 1.500000e+00
 -28 1.950000e+01 1.500000e+00
 -28 20 1.500000e+00
 -2.750000e+01 1.650000e+01 1.500000e+00
 -2.750000e+01 17 1.500000e+00
 -2.750000e+01 1.750000e+01 1.500000e+00
 -2.750000e+01 18 1.500000e+00
 -2.750000e+01 1.850000e+01 1.500000e+00
 -2.750000e+01 19 1.500000e+00
 -2.750000e+01 1.950000e+01 1.500000e+00
 -2.750000e+01 20 1.500000e+00
 -27 1.650000e+01 1.500000e+00
 -27 17 1.500000e+00
 -27 1.750000e+01 1.500000e+00
 -27 18 1.500000e+00
 -27 1.850000e+01 1.500000e+00
 -27 19 1.500000e+00
 -27 1.950000e+01 1.500000e+00
 -27 20 1.500000e+00
 -2.650000e+01 1.650000e+01 1.500000e+00
 -2.650000e+01 17 1.500000e+00
 -2.650000e+01 1.750000e+01 1.500000e+00
 -2.650000e+01 18 1.500000e+00
 -2.650000e+01 19 1.500000e+00
 -2.650000e+01 1.950000e+01 1.500000e+00
 -2.650000e+01 20 1.500000e+00
 -26 1.650000e+01 1.500000e+00
 -26 17 1.500000e+00
 -26 1.750000e+01 1.500000e+00
 -26 18 1.500000e+00
 -26 1.850000e+01 1.500000e+00
 -26 19 1.500000e+00
 -26 1.950000e+01 1.500000e+00
 -26 20 1.500000e+00
 -2.550000e+01 1.650000e+01 1.500000e+00
 -2.550000e+01 17 1.500000e+00
 -2.550000e+01 1.750000e+01 1.500000e+00
 -2.550000e+01 18 1.500000e+00
 -2.550000e+01 1.850000e+01 1.500000e+00
 -2.550000e+01 19 1.500000e+00
 -2.550000e+01 1.950000e+01 1.500000e+00
 -2.550000e+01 20 1.500000e+00
 -25 1.650000e+01 1.500000e+00
 -25 17 1.500000e+00
 -25 1.750000e+01 1.500000e+00
 -25 18 1.500000e+00
 -25 1.850000e+01 1.500000e+00
 -25 19 1.500000e+00
 -25 1.950000e+01 1.500000e+00
 -25 20 1.500000e+00
 -2.450000e+01 1.650000e+01 1.500000e+00
 -2.450000e+01 17 1.500000e+00
 -2.450000e+01 1.750000e+01 1.500000e+00
 -2.450000e+01 18 1.500000e+00
 -2.450000e+01 1.850000e+01 1.500000e+00
 -2.450000e+01 19 1.500000e+00
 -2.450000e+01 1.950000e+01 1.500000e+00
 -2.450000e+01 20 1.500000e+00
 -24 1.650000e+01 1.500000e+00
 -24 17 1.500000e+00
 -24 1.750000e+01 1.500000e+00
 -24 18 1.500000e+00
 -24 1.850000e+01 1.500000e+00
 -24 19 1.500000e+00
 -2.350000e+01 1.650000e+01 1.500000e+00
 -2.350000e+01 17 1.500000e+00
 -2.350000e+01 1.750000e+01 1.500000e+00
 -2.350000e+01 18 1.500000e+00
 -2.350000e+01 1.850000e+01 1.500000e+00
 -2.350000e+01 19 1.500000e+00
 -23 1.650000e+01 1.500000e+00
 -23 17 1.500000e+00
 -23 1.750000e+01 1.500000e+00
 -23 18 1.500000e+00
 -23 1.850000e+01 1.500000e+00
 -23 19 1.500000e+00
 -2.250000e+01 1.650000e+01 1.500000e+00
 -2.250000e+01 17 1.500000e+00
 -2.250000e+01 1.750000e+01 1.500000e+00
 -2.250000e+01 18 1.500000e+00
 -2.250000e+01 1.850000e+01 1.500000e+00
 -2.250000e+01 19 1.500000e+00
 -22 1.650000e+01 1.500000e+00
 -22 17 1.500000e+00
 -22 1.750000e+01 1.500000e+00
 -22 18 1.500000e+00
 -22 1.850000e+01 1.500000e+00
 -22 19 1.500000e+00
 -2.150000e+01 1.650000e+01 1.500000e+00
 -2.150000e+01 17 1.500000e+00
 -2.150000e+01 1.750000e+01 1.500000e+00
 -2.150000e+01 18 1.500000e+00
 -2.150000e+01 1.850000e+01 1.500000e+00
 -2.150000e+01 19 1.500000e+00
 -21 1.650000e+01 1.500000e+00
 -21 17 1.500000e+00
 -21 1.750000e+01 1.500000e+00
 -21 18 1.500000e+00
 -21 1.850000e+01 1.500000e+00
 -21 19 1.500000e+00
 -2.050000e+01 1.650000e+01 1.500000e+00
 -2.050000e+01 17 1.500000e+00
 -2.050000e+01 1.750000e+01 1.500000e+00
 -2.050000e+01 18 1.500000e+00
 -2.050000e+01 1.850000e+01 1.500000e+00
 -2.050000e+01 19 1.500000e+00
 -20 1.650000e+01 1.500000e+00
 -20 17 1.500000e+00
 -20 1.750000e+01 1.500000e+00
 -20 18 1.500000e+00
 -20 1.850000e+01 1.500000e+00
 -20 19 1.500000e+00
 -1.950000e+01 1.650000e+01 1.500000e+00
 -1.950000e+01 17 1.500000e+00
 -1.950000e+01 1.750000e+01 1.500000e+00
 -1.950000e+01 18 1.500000e+00
 -1.950000e+01 1.850000e+01 1.500000e+00
 -1.950000e+01 19 1.500000e+00
 -19 1.650000e+01 1.500000e+00
 -19 17 1.500000e+00
 -19 1.750000e+01 1.500000e+00
 -19 18 1.500000e+00
 -19 1.850000e+01 1.500000e+00
 -19 19 1.500000e+00
 -1.850000e+01 1.650000e+01 1.500000e+00
 -1.850000e+01 17 1.500000e+00
 -1.850000e+01 1.750000e+01 1.500000e+00
 -1.850000e+01 18 1.500000e+00
 -1.850000e+01 1.850000e+01 1.500000e+00
 -1.850000e+01 19 1.500000e+00
 -18 1.650000e+01 1.500000e+00
 -18 17 1.500000e+00
 -18 1.750000e+01 1.500000e+00
 -18 18 1.500000e+00
 -18 1.850000e+01 1.500000e+00
 -18 19 1.500000e+00
 -1.750000e+01 1.650000e+01 1.500000e+00
 -1.750000e+01 17 1.500000e+00
 -1.750000e+01 1.750000e+01 1.500000e+00
 -1.750000e+01 18 1.500000e+00
 -1.750000e+01 19 1.500000e+00
 -17 1.650000e+01 1.500000e+00
 -17 17 1.500000e+00
 -17 1.750000e+01 1.500000e+00
 -17 18 1.500000e+00
 -17 1.850000e+01 1.500000e+00
 -17 19 1.500000e+00
 -1.650000e+01 1.650000e+01 1.500000e+00
 -1.650000e+01 17 1.500000e+00
 -1.650000e+01 1.750000e+01 1.500000e+00
 -1.650000e+01 18 1.500000e+00
 -1.650000e+01 1.850000e+01 1.500000e+00
 -1.650000e+01 19 1.500000e+00
 -16 1.650000e+01 1.500000e+00
 -16 17 1.500000e+00
 -16 1.750000e+01 1.500000e+00
 -16 18 1.500000e+00
 -16 1.850000e+01 1.500000e+00
 -16 19 1.500000e+00
 -16 1.950000e+01 1.500000e+00
 -16 20 1.500000e+00
 -1.550000e+01 1.650000e+01 1.500000e+00
 -1.550000e+01 17 1.500000e+00
 -1.550000e+01 1.750000e+01 1.500000e+00
 -1.550000e+01 18 1.500000e+00
 -1.550000e+01 1.850000e+01 1.500000e+00
 -1.550000e+01 19 1.500000e+00
 -1.550000e+01 1.950000e+01 1.500000e+00
 -1.550000e+01 20 1.500000e+00
 -15 1.650000e+01 1.500000e+00
 -15 17 1.500000e+00
 -15 1.750000e+01 1.500000e+00
 -15 18 1.500000e+00
 -15 1.850000e+01 1.500000e+00
 -15 19 1.500000e+00
 -15 1.950000e+01 1.500000e+00
 -15 20 1.500000e+00
 -1.450000e+01 1.650000e+01 1.500000e+00
 -1.450000e+01 17 1.500000e+00
 -1.450000e+01 1.750000e+01 1.500000e+00
 -1.450000e+01 18 1.500000e+00
 -1.450000e+01 1.850000e+01 1.500000e+00
 -1.450000e+01 19 1.500000e+00
 -1.450000e+01 1.950000e+01 1.500000e+00
 -1.450000e+01 20 1.500000e+00
 -14 1.650000e+01 1.500000e+00
 -14 17 1.500000e+00
 -14 1.750000e+01 1.500000e+00
 -14 18 1.500000e+00
 -14 1.850000e+01 1.500000e+00
 -14 19 1.500000e+00
 -14 1.950000e+01 1.500000e+00
 -14 20 1.500000e+00
 -1.350000e+01 1.650000e+01 1.500000e+00
 -1.350000e+01 17 1.500000e+00
 -1.350000e+01 1.750000e+01 1.500000e+00
 -1.350000e+01 18 1.500000e+00
 -1.350000e+01 1.850000e+01 1.500000e+00
 -1.350000e+01 19 1.500000e+00
 -1.350000e+01 1.950000e+01 1.500000e+00
 -1.350000e+01 20 1.500000e+00
 -13 1.650000e+01 1.500000e+00
 -13 17 1.500000e+00
 -13 1.750000e+01 1.500000e+00
 -13 18 1.500000e+00
 -13 1.850000e+01 1.500000e+00
 -13 19 1.500000e+00
 -1.250000e+01 1.650000e+01 1.500000e+00
 -1.250000e+01 17 1.500000e+00
 -1.250000e+01 1.750000e+01 1.500000e+00
 -1.250000e+01 18 1.500000e+00
 -1.250000e+01 1.850000e+01 1.500000e+00
 -1.250000e+01 19 1.500000e+00
 -12 1.350000e+01 1.500000e+00
 -12 14 1.500000e+00
 -12 1.450000e+01 1.500000e+00
 -12 15 1.500000e+00
 -12 1.550000e+01 1.500000e+00
 -12 16 1.500000e+00
 -12 1.650000e+01 1.500000e+00
 -12 17 1.500000e+00
 -12 1.750000e+01 1.500000e+00
 -12 18 1.500000e+00
 -12 1.850000e+01 1.500000e+00
 -12 19 1.500000e+00
 -1.150000e+01 1.350000e+01 1.500000e+00
 -1.150000e+01 14 1.500000e+00
 -1.150000e+01 1.450000e+01 1.500000e+00
 -1.150000e+01 15 1.500000e+00
 -1.150000e+01 1.550000e+01 1.500000e+00
 -1.150000e+01 16 1.500000e+00
 -1.150000e+01 1.650000e+01 1.500000e+00
 -1.150000e+01 17 1.500000e+00
 -1.150000e+01 1.750000e+01 1.500000e+00
 -1.150000e+01 18 1.500000e+00
 -1.150000e+01 1.850000e+01 1.500000e+00
 -1.150000e+01 19 1.500000e+00
 -11 1.350000e+01 1.500000e+00
 -11 14 1.500000e+00
 -11 1.450000e+01 1.500000e+00
 -11 15 1.500000e+00
 -11 1.550000e+01 1.500000e+00
 -11 16 1.500000e+00
 -11 1.650000e+01 1.500000e+00
 -11 17 1.500000e+00
 -11 1.750000e+01 1.500000e+00
 -11 18 1.500000e+00
 -11 1.850000e+01 1.500000e+00
 -11 19 1.500000e+00
 -1.050000e+01 1.350000e+01 1.500000e+00
 -1.050000e+01 14 1.500000e+00
 -1.050000e+01 1.450000e+01 1.500000e+00
 -1.050000e+01 15 1.500000e+00
 -1.050000e+01 1.550000e+01 1.500000e+00
 -1.050000e+01 16 1.500000e+00
 -1.050000e+01 1.650000e+01 1.500000e+00
 -1.050000e+01 17 1.500000e+00
 -1.050000e+01 1.750000e+01 1.500000e+00
 -1.050000e+01 18 1.500000e+00
 -1.050000e+01 1.850000e+01 1.500000e+00
 -1.050000e+01 19 1.500000e+00
 -1.050000e+01 1.950000e+01 1.500000e+00
 -1.050000e+01 20 1.500000e+00
 -10 1.350000e+01 1.500000e+00
 -10 14 1.500000e+00
 -10 1.450000e+01 1.500000e+00
 -10 15 1.500000e+00
 -10 1.550000e+01 1.500000e+00
 -10 16 1.500000e+00
 -10 1.650000e+01 1.500000e+00
 -10 17 1.500000e+00
 -10 1.750000e+01 1.500000e+00
 -10 18 1.500000e+00
 -10 1.850000e+01 1.500000e+00
 -10 19 1.500000e+00
 -10 1.950000e+01 1.500000e+00
 -10 20 1.500000e+00
 -9.500000e+00 1.350000e+01 1.500000e+00
 -9.500000e+00 14 1.500000e+00
 -9.500000e+00 1.450000e+01 1.500000e+00
 -9.500000e+00 15 1.500000e+00
 -9.500000e+00 1.550000e+01 1.500000e+00
 -9.500000e+00 16 1.500000e+00
 -9.500000e+00 1.650000e+01 1.500000e+00
 -9.500000e+00 17 1.500000e+00
 -9.500000e+00 1.750000e+01 1.500000e+00
 -9.500000e+00 18 1.500000e+00
 -9.500000e+00 1.850000e+01 1.500000e+00
 -9.500000e+00 19 1.500000e+00
 -9.500000e+00 1.950000e+01 1.500000e+00
 -9.500000e+00 20 1.500000e+00
 -9 1.350000e+01 1.500000e+00
 -9 14 1.500000e+00
 -9 1.450000e+01 1.500000e+00
 -9 15 1.500000e+00
 -9 1.550000e+01 1.500000e+00
 -9 16 1.500000e+00
 -9 1.650000e+01 1.500000e+00
 -9 17 1.500000e+00
 -9 1.750000e+01 1.500000e+00
 -9 18 1.500000e+00
 -9 1.850000e+01 1.500000e+00
 -9 19 1.500000e+00
 -9 1.950000e+01 1.500000e+00
 -9 20 1.500000e+00
 -8.500000e+00 1.650000e+01 1.500000e+00
 -8.500000e+00 17 1.500000e+00
 -8.500000e+00 1.750000e+01 1.500000e+00
 -8.500000e+00 18 1.500000e+00
 -8.500000e+00 19 1.500000e+00
 -8.500000e+00 1.950000e+01 1.500000e+00
 -8.500000e+00 20 1.500000e+00
 -8 1.650000e+01 1.500000e+00
 -8 17 1.500000e+00
 -8 1.750000e+01 1.500000e+00
 -8 18 1.500000e+00
 -8 1.850000e+01 1.500000e+00
 -8 19 1.500000e+00
 -8 1.950000e+01 1.500000e+00
 -8 20 1.500000e+00
 -7.500000e+00 1.650000e+01 1.500000e+00
 -7.500000e+00 17 1.500000e+00
 -7.500000e+00 1.750000e+01 1.500000e+00
 -7.500000e+00 18 1.500000e+00
 -7.500000e+00 1.850000e+01 1.500000e+00
 -7.500000e+00 19 1.500000e+00
 -7.500000e+00 1.950000e+01 1.500000e+00
 -7.500000e+00 20 1.500000e+00
 -7 1.650000e+01 1.500000e+00
 -7 17 1.500000e+00
 -7 1.750000e+01 1.500000e+00
 -7 18 1.500000e+00
 -7 1.850000e+01 1.500000e+00
 -7 19 1.500000e+00
 -7 1.950000e+01 1.500000e+00
 -7 20 1.500000e+00
 -6.500000e+00 1.650000e+01 1.500000e+00
 -6.500000e+00 17 1.500000e+00
 -6.500000e+00 1.750000e+01 1.500000e+00
 -6.500000e+00 18 1.500000e+00
 -6.500000e+00 1.850000e+01 1.500000e+00
 -6.500000e+00 19 1.500000e+00
 -6.500000e+00 1.950000e+01 1.500000e+00
 -6.500000e+00 20 1.500000e+00
 -6 1.650000e+01 1.500000e+00
 -6 17 1.500000e+00
 -6 1.750000e+01 1.500000e+00
 -6 18 1.500000e+00
 -6 1.850000e+01 1.500000e+00
 -6 19 1.500000e+00
 -5.500000e+00 1.650000e+01 1.500000e+00
 -5.500000e+00 17 1.500000e+00
 -5.500000e+00 1.750000e+01 1.500000e+00
 -5.500000e+00 18 1.500000e+00
 -5.500000e+00 1.850000e+01 1.500000e+00
 -5.500000e+00 19 1.500000e+00
 -5 1.650000e+01 1.500000e+00
 -5 17 1.500000e+00
 -5 1.750000e+01 1.500000e+00
 -5 18 1.500000e+00
 -5 1.850000e+01 1.500000e+00
 -5 19 1.500000e+00
 -4.500000e+00 1.650000e+01 1.500000e+00
 -4.500000e+00 17 1.500000e+00
 -4.500000e+00 1.750000e+01 1.500000e+00
 -4.500000e+00 18 1.500000e+00
 -4.500000e+00 1.850000e+01 1.500000e+00
 -4.500000e+00 19 1.500000e+00
 -4 1.650000e+01 1.500000e+00
 -4 17 1.500000e+00
 -4 1.750000e+01 1.500000e+00
 -4 18 1.500000e+00
 -4 1.850000e+01 1.500000e+00
 -4 19 1.500000e+00
 -3.500000e+00 1.650000e+01 1.500000e+00
 -3.500000e+00 17 1.500000e+00
 -3.500000e+00 1.750000e+01 1.500000e+00
 -3.500000e+00 18 1.500000e+00
 -3.500000e+00 1.850000e+01 1.500000e+00
 -3.500000e+00 19 1.500000e+00
 -3 1.650000e+01 1.500000e+00
 -3 17 1.500000e+00
 -3 1.750000e+01 1.500000e+00
 -3 18 1.500000e+00
 -3 1.850000e+01 1.500000e+00
 -3 19 1.500000e+00
 -2.500000e+00 1.650000e+01 1.500000e+00
 -2.500000e+00 17 1.500000e+00
 -2.500000e+00 1.750000e+01 1.500000e+00
 -2.500000e+00 18 1.500000e+00
 -2.500000e+00 1.850000e+01 1.500000e+00
 -2.500000e+00 19 1.500000e+00
 -2 1.650000e+01 1.500000e+00
 -2 17 1.500000e+00
 -2 1.750000e+01 1.500000e+00
 -2 18 1.500000e+00
 -2 1.850000e+01 1.500000e+00
 -2 19 1.500000e+00
 -1.500000e+00 1.550000e+01 1.500000e+00
 -1.500000e+00 16 1.500000e+00
 -1.500000e+00 1.650000e+01 1.500000e+00
 -1.500000e+00 17 1.500000e+00
 -1.500000e+00 1.750000e+01 1.500000e+00
 -1.500000e+00 18 1.500000e+00
 -1.500000e+00 1.850000e+01 1.500000e+00
 -1.500000e+00 19 1.500000e+00
 -1 1.550000e+01 1.500000e+00
 -1 16 1.500000e+00
 -1 1.650000e+01 1.500000e+00
 -1 17 1.500000e+00
 -1 1.750000e+01 1.500000e+00
 -1 18 1.500000e+00
 -1 1.850000e+01 1.500000e+00
 -1 19 1.500000e+00
 -5.000000e-01 1.550000e+01 1.500000e+00
 -5.000000e-01 16 1.500000e+00
 -5.000000e-01 1.650000e+01 1.500000e+00
 -5.000000e-01 17 1.500000e+00
 -5.000000e-01 1.750000e+01 1.500000e+00
 -5.000000e-01 18 1.500000e+00
 -5.000000e-01 1.850000e+01 1.500000e+00
 -5.000000e-01 19 1.500000e+00
 0 1.550000e+01 1.500000e+00
 0 16 1.500000e+00
 0 1.650000e+01 1.500000e+00
 0 17 1.500000e+00
 0 1.750000e+01 1.500000e+00
 0 18 1.500000e+00
 0 1.850000e+01 1.500000e+00
 0 19 1.500000e+00
 5.000000e-01 1.550000e+01 1.500000e+00
 5.000000e-01 16 1.500000e+00
 5.000000e-01 1.650000e+01 1.500000e+00
 5.000000e-01 17 1.500000e+00
 5.000000e-01 1.750000e+01 1.500000e+00
 5.000000e-01 18 1.500000e+00
 5.000000e-01 19 1.500000e+00
 1 1.550000e+01 1.500000e+00
 1 16 1.500000e+00
 1 1.650000e+01 1.500000e+00
 1 17 1.500000e+00
 1 1.750000e+01 1.500000e+00
 1 18 1.500000e+00
 1 1.850000e+01 1.500000e+00
 1 19 1.500000e+00
 1.500000e+00 1.650000e+01 1.500000e+00
 1.500000e+00 17 1.500000e+00
 1.500000e+00 1.750000e+01 1.500000e+00
 1.500000e+00 18 1.500000e+00
 1.500000e+00 1.850000e+01 1.500000e+00
 1.500000e+00 19 1.500000e+00
 2 1.650000e+01 1.500000e+00
 2 17 1.500000e+00
 2 1.750000e+01 1.500000e+00
 2 18 1.500000e+00
 2 1.850000e+01 1.500000e+00
 2 19 1.500000e+00
 2.500000e+00 1.650000e+01 1.500000e+00
 2.500000e+00 17 1.500000e+00
 2.500000e+00 1.750000e+01 1.500000e+00
 2.500000e+00 18 1.500000e+00
 2.500000e+00 1.850000e+01 1.500000e+00
 2.500000e+00 19 1.500000e+00
 3 1.650000e+01 1.500000e+00
 3 17 1.500000e+00
 3 1.750000e+01 1.500000e+00
 3 18 1.500000e+00
 3 1.850000e+01 1.500000e+00
 3 19 1.500000e+00
 3.500000e+00 1.650000e+01 1.500000e+00
 3.500000e+00 17 1.500000e+00
 3.500000e+00 1.750000e+01 1.500000e+00
 3.500000e+00 18 1.500000e+00
 3.500000e+00 1.850000e+01 1.500000e+00
 3.500000e+00 19 1.500000e+00
 4 1.650000e+01 1.500000e+00
 4 17 1.500000e+00
 4 1.750000e+01 1.500000e+00
 4 18 1.500000e+00
 4 1.850000e+01 1.500000e+00
 4 19 1.500000e+00
 4.500000e+00 1.650000e+01 1.500000e+00
 4.500000e+00 17 1.500000e+00
 4.500000e+00 1.750000e+01 1.500000e+00
 4.500000e+00 18 1.500000e+00
 4.500000e+00 1.850000e+01 1.500000e+00
 4.500000e+00 19 1.500000e+00
 5 1.650000e+01 1.500000e+00
 5 17 1.500000e+00
 5 1.750000e+01 1.500000e+00
 5 18 1.500000e+00
 5 1.850000e+01 1.500000e+00
 5 19 1.500000e+00
 5.500000e+00 1.650000e+01 1.500000e+00
 5.500000e+00 17 1.500000e+00
 5.500000e+00 1.750000e+01 1.500000e+00
 5.500000e+00 18 1.500000e+00
 5.500000e+00 1.850000e+01 1.500000e+00
 5.500000e+00 19 1.500000e+00
 6 1.650000e+01 1.500000e+00
 6 17 1.500000e+00
 6 1.750000e+01 1.500000e+00
 6 18 1.500000e+00
 6 1.850000e+01 1.500000e+00
 6 19 1.500000e+00
 6.500000e+00 1.650000e+01 1.500000e+00
 6.500000e+00 17 1.500000e+00
 6.500000e+00 1.750000e+01 1.500000e+00
 6.500000e+00 18 1.500000e+00
 6.500000e+00 1.850000e+01 1.500000e+00
 6.500000e+00 19 1.500000e+00
 7 1.650000e+01 1.500000e+00
 7 17 1.500000e+00
 7 1.750000e+01 1.500000e+00
 7 18 1.500000e+00
 7 1.850000e+01 1.500000e+00
 7 19 1.500000e+00
 7.500000e+00 1.550000e+01 1.500000e+00
 7.500000e+00 16 1.500000e+00
 7.500000e+00 1.650000e+01 1.500000e+00
 7.500000e+00 17 1.500000e+00
 7.500000e+00 1.750000e+01 1.500000e+00
 7.500000e+00 18 1.500000e+00
 7.500000e+00 1.850000e+01 1.500000e+00
 7.500000e+00 19 1.500000e+00
 7.500000e+00 1.950000e+01 1.500000e+00
 7.500000e+00 20 1.500000e+00
 8 1.550000e+01 1.500000e+00
 8 16 1.500000e+00
 8 1.650000e+01 1.500000e+00
 8 17 1.500000e+00
 8 1.750000e+01 1.500000e+00
 8 18 1.500000e+00
 8 1.850000e+01 1.500000e+00
 8 19 1.500000e+00
 8 1.950000e+01 1.500000e+00
 8 20 1.500000e+00
 8.500000e+00 1.550000e+01 1.500000e+00
 8.500000e+00 16 1.500000e+00
 8.500000e+00 1.650000e+01 1.500000e+00
 8.500000e+00 17 1.500000e+00
 8.500000e+00 1.750000e+01 1.500000e+00
 8.500000e+00 18 1.500000e+00
 8.500000e+00 1.850000e+01 1.500000e+00
 8.500000e+00 19 1.500000e+00
 8.500000e+00 1.950000e+01 1.500000e+00
 8.500000e+00 20 1.500000e+00
 9 1.550000e+01 1.500000e+00
 9 16 1.500000e+00
 9 1.650000e+01 1.500000e+00
 9 17 1.500000e+00
 9 1.750000e+01 1.500000e+00
 9 18 1.500000e+00
 9 19 1.500000e+00
 9 1.950000e+01 1.500000e+00
 9 20 1.500000e+00
 9.500000e+00 1.550000e+01 1.500000e+00
 9.500000e+00 16 1.500000e+00
 9.500000e+00 1.650000e+01 1.500000e+00
 9.500000e+00 17 1.500000e+00
 9.500000e+00 1.750000e+01 1.500000e+00
 9.500000e+00 18 1.500000e+00
 9.500000e+00 1.850000e+01 1.500000e+00
 9.500000e+00 19 1.500000e+00
 9.500000e+00 1.950000e+01 1.500000e+00
 9.500000e+00 20 1.500000e+00
 10 1.550000e+01 1.500000e+00
 10 16 1.500000e+00
 10 1.650000e+01 1.500000e+00
 10 17 1.500000e+00
 10 1.750000e+01 1.500000e+00
 10 18 1.500000e+00
 10 1.850000e+01 1.500000e+00
 10 19 1.500000e+00
 10 1.950000e+01 1.500000e+00
 10 20 1.500000e+00
 1.050000e+01 1.650000e+01 1.500000e+00
 1.050000e+01 17 1.500000e+00
 1.050000e+01 1.750000e+01 1.500000e+00
 1.050000e+01 18 1.500000e+00
 1.050000e+01 1.850000e+01 1.500000e+00
 1.050000e+01 19 1.500000e+00
 1.050000e+01 1.950000e+01 1.500000e+00
 1.050000e+01 20 1.500000e+00
 11 1.650000e+01 1.500000e+00
 11 17 1.500000e+00
 11 1.750000e+01 1.500000e+00
 11 18 1.500000e+00
 11 1.850000e+01 1.500000e+00
 11 19 1.500000e+00
 11 1.950000e+01 1.500000e+00
 11 20 1.500000e+00
 1.150000e+01 1.650000e+01 1.500000e+00
 1.150000e+01 17 1.500000e+00
 1.150000e+01 1.750000e+01 1.500000e+00
 1.150000e+01 18 1.500000e+00
 1.150000e+01 1.850000e+01 1.500000e+00
 1.150000e+01 19 1.500000e+00
 12 1.650000e+01 1.500000e+00
 12 17 1.500000e+00
 12 1.750000e+01 1.500000e+00
 12 18 1.500000e+00
 12 1.850000e+01 1.500000e+00
 12 19 1.500000e+00
 1.250000e+01 1.650000e+01 1.500000e+00
 1.250000e+01 17 1.500000e+00
 1.250000e+01 1.750000e+01 1.500000e+00
 1.250000e+01 18 1.500000e+00
 1.250000e+01 1.850000e+01 1.500000e+00
 1.250000e+01 19 1.500000e+00
 13 1.650000e+01 1.500000e+00
 13 17 1.500000e+00
 13 1.750000e+01 1.500000e+00
 13 18 1.500000e+00
 13 1.850000e+01 1.500000e+00
 13 19 1.500000e+00
 1.350000e+01 1.650000e+01 1.500000e+00
 1.350000e+01 17 1.500000e+00
 1.350000e+01 1.750000e+01 1.500000e+00
 1.350000e+01 18 1.500000e+00
 1.350000e+01 1.850000e+01 1.500000e+00
 1.350000e+01 19 1.500000e+00
 14 1.550000e+01 1.500000e+00
 14 16 1.500000e+00
 14 1.650000e+01 1.500000e+00
 14 17 1.500000e+00
 14 1.750000e+01 1.500000e+00
 14 18 1.500000e+00
 14 1.850000e+01 1.500000e+00
 14 19 1.500000e+00
 1.450000e+01 1.550000e+01 1.500000e+00
 1.450000e+01 16 1.500000e+00
 1.450000e+01 1.650000e+01 1.500000e+00
 1.450000e+01 17 1.500000e+00
 1.450000e+01 1.750000e+01 1.500000e+00
 1.450000e+01 18 1.500000e+00
 1.450000e+01 1.850000e+01 1.500000e+00
 1.450000e+01 19 1.500000e+00
 15 1.550000e+01 1.500000e+00
 15 16 1.500000e+00
 15 1.650000e+01 1.500000e+00
 15 17 1.500000e+00
 15 1.750000e+01 1.500000e+00
 15 18 1.500000e+00
 15 1.850000e+01 1.500000e+00
 15 19 1.500000e+00
 1.550000e+01 1.550000e+01 1.500000e+00
 1.550000e+01 16 1.500000e+00
 1.550000e+01 1.650000e+01 1.500000e+00
 1.550000e+01 17 1.500000e+00
 1.550000e+01 1.750000e+01 1.500000e+00
 1.550000e+01 18 1.500000e+00
 1.550000e+01 1.850000e+01 1.500000e+00
 1.550000e+01 19 1.500000e+00
 16 1.550000e+01 1.500000e+00
 16 16 1.500000e+00
 16 1.650000e+01 1.500000e+00
 16 17 1.500000e+00
 16 1.750000e+01 1.500000e+00
 16 18 1.500000e+00
 16 1.850000e+01 1.500000e+00
 16 19 1.500000e+00
 1.650000e+01 1.650000e+01 1.500000e+00
 1.650000e+01 17 1.500000e+00
 1.650000e+01 1.750000e+01 1.500000e+00
 1.650000e+01 18 1.500000e+00
 1.650000e+01 1.850000e+01 1.500000e+00
 1.650000e+01 19 1.500000e+00
 17 1.650000e+01 1.500000e+00
 17 17 1.500000e+00
 17 1.750000e+01 1.500000e+00
 17 18 1.500000e+00
 17 1.850000e+01 1.500000e+00
 17 19 1.500000e+00
 1.750000e+01 1.650000e+01 1.500000e+00
 1.750000e+01 17 1.500000e+00
 1.750000e+01 1.750000e+01 1.500000e+00
 1.750000e+01 18 1.500000e+00
 1.750000e+01 1.850000e+01 1.500000e+00
 1.750000e+01 19 1.500000e+00
 18 1.650000e+01 1.500000e+00
 18 17 1.500000e+00
 18 1.750000e+01 1.500000e+00
 18 18 1.500000e+00
 18 1.850000e+01 1.500000e+00
 1.850000e+01 1.650000e+01 1.500000e+00
 1.850000e+01 17 1.500000e+00
 1.850000e+01 1.750000e+01 1.500000e+00
 1.850000e+01 18 1.500000e+00
 1.850000e+01 1.850000e+01 1.500000e+00
 19 1.650000e+01 1.500000e+00
 19 17 1.500000e+00
 19 1.750000e+01 1.500000e+00
 19 18 1.500000e+00
 19 1.850000e+01 1.500000e+00
 1.950000e+01 1.650000e+01 1.500000e+00
 1.950000e+01 17 1.500000e+00
 1.950000e+01 1.750000e+01 1.500000e+00
 1.950000e+01 18 1.500000e+00
 1.950000e+01 1.850000e+01 1.500000e+00
 20 1.550000e+01 1.500000e+00
 20 16 1.500000e+00
 20 1.650000e+01 1.500000e+00
 20 17 1.500000e+00
 20 1.750000e+01 1.500000e+00
 20 18 1.500000e+00
 20 1.850000e+01 1.500000e+00
 2.050000e+01 1.550000e+01 1.500000e+00
 2.050000e+01 16 1.500000e+00
 2.050000e+01 1.650000e+01 1.500000e+00
 2.050000e+01 17 1.500000e+00
 2.050000e+01 1.750000e+01 1.500000e+00
 2.050000e+01 18 1.500000e+00
 2.050000e+01 1.850000e+01 1.500000e+00
 21 1.550000e+01 1.500000e+00
 21 16 1.500000e+00
 21 1.650000e+01 1.500000e+00
 21 17 1.500000e+00
 21 1.750000e+01 1.500000e+00
 21 18 1.500000e+00
 21 1.850000e+01 1.500000e+00
 2.150000e+01 1.550000e+01 1.500000e+00
 2.150000e+01 16 1.500000e+00
 2.150000e+01 1.650000e+01 1.500000e+00
 2.150000e+01 17 1.500000e+00
 2.150000e+01 1.750000e+01 1.500000e+00
 2.150000e+01 18 1.500000e+00
 2.150000e+01 1.850000e+01 1.500000e+00
 2.150000e+01 19 1.500000e+00
 2.150000e+01 1.950000e+01 1.500000e+00
 2.150000e+01 20 1.500000e+00
 2.150000e+01 2.050000e+01 1.500000e+00
 22 1.550000e+01 1.500000e+00
 22 16 1.500000e+00
 22 1.650000e+01 1.500000e+00
 22 17 1.500000e+00
 22 1.750000e+01 1.500000e+00
 22 18 1.500000e+00
 22 1.850000e+01 1.500000e+00
 22 19 1.500000e+00
 22 1.950000e+01 1.500000e+00
 22 20 1.500000e+00
 22 2.050000e+01 1.500000e+00
 2.250000e+01 1.550000e+01 1.500000e+00
 2.250000e+01 16 1.500000e+00
 2.250000e+01 1.650000e+01 1.500000e+00
 2.250000e+01 17 1.500000e+00
 2.250000e+01 1.750000e+01 1.500000e+00
 2.250000e+01 18 1.500000e+00
 2.250000e+01 1.850000e+01 1.500000e+00
 2.250000e+01 19 1.500000e+00
 2.250000e+01 1.950000e+01 1.500000e+00
 2.250000e+01 20 1.500000e+00
 2.250000e+01 2.050000e+01 1.500000e+00
 23 1.550000e+01 1.500000e+00
 23 16 1.500000e+00
 23 1.650000e+01 1.500000e+00
 23 17 1.500000e+00
 23 1.750000e+01 1.500000e+00
 23 18 1.500000e+00
 23 1.850000e+01 1.500000e+00
 23 19 1.500000e+00
 23 1.950000e+01 1.500000e+00
 23 20 1.500000e+00
 23 2.050000e+01 1.500000e+00
 2.350000e+01 1.650000e+01 1.500000e+00
 2.350000e+01 17 1.500000e+00
 2.350000e+01 1.750000e+01 1.500000e+00
 2.350000e+01 18 1.500000e+00
 2.350000e+01 1.850000e+01 1.500000e+00
 2.350000e+01 19 1.500000e+00
 2.350000e+01 1.950000e+01 1.500000e+00
 2.350000e+01 20 1.500000e+00
 2.350000e+01 2.050000e+01 1.500000e+00
 24 1.550000e+01 1.500000e+00
 24 16 1.500000e+00
 24 1.650000e+01 1.500000e+00
 24 17 1.500000e+00
 24 1.750000e+01 1.500000e+00
 24 18 1.500000e+00
 24 1.850000e+01 1.500000e+00
 24 19 1.500000e+00
 24 1.950000e+01 1.500000e+00
 24 20 1.500000e+00
 2.450000e+01 1.650000e+01 1.500000e+00
 2.450000e+01 17 1.500000e+00
 2.450000e+01 1.750000e+01 1.500000e+00
 2.450000e+01 18 1.500000e+00
 2.450000e+01 1.850000e+01 1.500000e+00
 2.450000e+01 19 1.500000e+00
 2.450000e+01 1.950000e+01 1.500000e+00
 2.450000e+01 20 1.500000e+00
 25 1.650000e+01 1.500000e+00
 25 17 1.500000e+00
 25 1.750000e+01 1.500000e+00
 25 18 1.500000e+00
 25 1.850000e+01 1.500000e+00
 25 19 1.500000e+00
 25 1.950000e+01 1.500000e+00
 25 20 1.500000e+00
 2.550000e+01 1.650000e+01 1.500000e+00
 2.550000e+01 17 1.500000e+00
 2.550000e+01 1.750000e+01 1.500000e+00
 2.550000e+01 18 1.500000e+00
 2.550000e+01 1.850000e+01 1.500000e+00
 2.550000e+01 19 1.500000e+00
 2.550000e+01 1.950000e+01 1.500000e+00
 2.550000e+01 20 1.500000e+00
 26 1.650000e+01 1.500000e+00
 26 17 1.500000e+00
 26 1.750000e+01 1.500000e+00
 26 18 1.500000e+00
 26 1.850000e+01 1.500000e+00
 2.650000e+01 1.650000e+01 1.500000e+00
 2.650000e+01 17 1.500000e+00
 2.650000e+01 1.750000e+01 1.500000e+00
 2.650000e+01 18 1.500000e+00
 2.650000e+01 1.850000e+01 1.500000e+00
 27 1.650000e+01 1.500000e+00
 27 17 1.500000e+00
 27 1.750000e+01 1.500000e+00
 27 18 1.500000e+00
 27 1.850000e+01 1.500000e+00
 2.750000e+01 1.650000e+01 1.500000e+00
 2.750000e+01 17 1.500000e+00
 2.750000e+01 1.750000e+01 1.500000e+00
 2.750000e+01 18 1.500000e+00
 2.750000e+01 1.850000e+01 1.500000e+00
 28 1.650000e+01 1.500000e+00
 28 17 1.500000e+00
 28 1.750000e+01 1.500000e+00
 28 18 1.500000e+00
 28 1.850000e+01 1.500000e+00
 2.850000e+01 1.650000e+01 1.500000e+00
 2.850000e+01 17 1.500000e+00
 2.850000e+01 1.750000e+01 1.500000e+00
 2.850000e+01 18 1.500000e+00
 2.850000e+01 1.850000e+01 1.500000e+00
 29 1.550000e+01 1.500000e+00
 29 16 1.500000e+00
 29 1.650000e+01 1.500000e+00
 29 17 1.500000e+00
 29 1.750000e+01 1.500000e+00
 29 18 1.500000e+00
 29 1.850000e+01 1.500000e+00
 2.950000e+01 1.550000e+01 1.500000e+00
 2.950000e+01 16 1.500000e+00
 2.950000e+01 1.650000e+01 1.500000e+00
 2.950000e+01 1.750000e+01 1.500000e+00
 2.950000e+01 18 1.500000e+00
 2.950000e+01 1.850000e+01 1.500000e+00
 30 1.550000e+01 1.500000e+00
 30 16 1.500000e+00
 30 1.650000e+01 1.500000e+00
 30 17 1.500000e+00
 30 1.750000e+01 1.500000e+00
 30 18 1.500000e+00
 30 1.850000e+01 1.500000e+00
 3.050000e+01 1.550000e+01 1.500000e+00
 3.050000e+01 16 1.500000e+00
 3.050000e+01 1.650000e+01 1.500000e+00
 3.050000e+01 17 1.500000e+00
 3.050000e+01 1.750000e+01 1.500000e+00
 3.050000e+01 18 1.500000e+00
 3.050000e+01 1.850000e+01 1.500000e+00
 31 1.550000e+01 1.500000e+00
 31 16 1.500000e+00
 31 1.650000e+01 1.500000e+00
 31 17 1.500000e+00
 31 1.750000e+01 1.500000e+00
 31 18 1.500000e+00
 31 1.850000e+01 1.500000e+00
 3.150000e+01 1.550000e+01 1.500000e+00
 3.150000e+01 16 1.500000e+00
 3.150000e+01 1.650000e+01 1.500000e+00
 3.150000e+01 17 1.500000e+00
 3.150000e+01 1.750000e+01 1.500000e+00
 3.150000e+01 18 1.500000e+00
 3.150000e+01 1.850000e+01 1.500000e+00
 32 14 1.500000e+00
 32 1.450000e+01 1.500000e+00
 32 15 1.500000e+00
 32 1.550000e+01 1.500000e+00
 32 16 1.500000e+00
 32 1.650000e+01 1.500000e+00
 32 17 1.500000e+00
 32 1.750000e+01 1.500000e+00
 32 18 1.500000e+00
 32 1.850000e+01 1.500000e+00
 3.250000e+01 14 1.500000e+00
 3.250000e+01 1.450000e+01 1.500000e+00
 3.250000e+01 15 1.500000e+00
 3.250000e+01 1.550000e+01 1.500000e+00
 3.250000e+01 16 1.500000e+00
 3.250000e+01 1.650000e+01 1.500000e+00
 3.250000e+01 17 1.500000e+00
 3.250000e+01 1.750000e+01 1.500000e+00
 3.250000e+01 18 1.500000e+00
 3.250000e+01 1.850000e+01 1.500000e+00
 33 14 1.500000e+00
 33 1.450000e+01 1.500000e+00
 33 15 1.500000e+00
 33 1.550000e+01 1.500000e+00
 33 16 1.500000e+00
 33 1.650000e+01 1.500000e+00
 33 17 1.500000e+00
 33 1.750000e+01 1.500000e+00
 33 18 1.500000e+00
 33 1.850000e+01 1.500000e+00
 2.150000e+01 21 1.500000e+00
 2.150000e+01 2.150000e+01 1.500000e+00
 2.150000e+01 22 1.500000e+00
 2.150000e+01 2.250000e+01 1.500000e+00
 2.150000e+01 23 1.500000e+00
 2.150000e+01 2.350000e+01 1.500000e+00
 2.150000e+01 24 1.500000e+00
 2.150000e+01 2.450000e+01 1.500000e+00
 2.150000e+01 25 1.500000e+00
 2.150000e+01 2.550000e+01 1.500000e+00
 2.150000e+01 26 1.500000e+00
 2.150000e+01 2.650000e+01 1.500000e+00
 2.150000e+01 27 1.500000e+00
 2.150000e+01 2.750000e+01 1.500000e+00
 2.150000e+01 28 1.500000e+00
 2.150000e+01 2.850000e+01 1.500000e+00
 2.150000e+01 29 1.500000e+00
 2.150000e+01 2.950000e+01 1.500000e+00
 2.150000e+01 30 1.500000e+00
 2.150000e+01 3.050000e+01 1.500000e+00
 2.150000e+01 31 1.500000e+00
 22 21 1.500000e+00
 22 2.150000e+01 1.500000e+00
 22 22 1.500000e+00
 22 2.250000e+01 1.500000e+00
 22 23 1.500000e+00
 22 2.350000e+01 1.500000e+00
 22 24 1.500000e+00
 22 2.450000e+01 1.500000e+00
 22 25 1.500000e+00
 22 2.550000e+01 1.500000e+00
 22 26 1.500000e+00
 22 2.650000e+01 1.500000e+00
 22 27 1.500000e+00
 22 2.750000e+01 1.500000e+00
 22 28 1.500000e+00
 22 2.850000e+01 1.500000e+00
 22 29 1.500000e+00
 22 2.950000e+01 1.500000e+00
 22 30 1.500000e+00
 22 3.050000e+01 1.500000e+00
 22 31 1.500000e+00
 2.250000e+01 21 1.500000e+00
 2.250000e+01 2.150000e+01 1.500000e+00
 2.250000e+01 22 1.500000e+00
 2.250000e+01 2.250000e+01 1.500000e+00
 2.250000e+01 23 1.500000e+00
 2.250000e+01 2.350000e+01 1.500000e+00
 2.250000e+01 24 1.500000e+00
 2.250000e+01 2.450000e+01 1.500000e+00
 2.250000e+01 25 1.500000e+00
 2.250000e+01 2.550000e+01 1.500000e+00
 2.250000e+01 26 1.500000e+00
 2.250000e+01 2.650000e+01 1.500000e+00
 2.250000e+01 27 1.500000e+00
 2.250000e+01 2.750000e+01 1.500000e+00
 2.250000e+01 28 1.500000e+00
 2.250000e+01 2.850000e+01 1.500000e+00
 2.250000e+01 29 1.500000e+00
 2.250000e+01 2.950000e+01 1.500000e+00
 2.250000e+01 30 1.500000e+00
 2.250000e+01 3.050000e+01 1.500000e+00
 2.250000e+01 31 1.500000e+00
 23 21 1.500000e+00
 23 2.150000e+01 1.500000e+00
 23 22 1.500000e+00
 23 2.250000e+01 1.500000e+00
 23 23 1.500000e+00
 23 2.350000e+01 1.500000e+00
 23 24 1.500000e+00
 23 2.450000e+01 1.500000e+00
 23 25 1.500000e+00
 23 2.550000e+01 1.500000e+00
 23 26 1.500000e+00
 23 2.650000e+01 1.500000e+00
 23 27 1.500000e+00
 23 2.750000e+01 1.500000e+00
 23 28 1.500000e+00
 23 2.850000e+01 1.500000e+00
 23 29 1.500000e+00
 23 2.950000e+01 1.500000e+00
 23 30 1.500000e+00
 23 3.050000e+01 1.500000e+00
 23 31 1.500000e+00
 2.350000e+01 21 1.500000e+00
 2.350000e+01 22 1.500000e+00
 2.350000e+01 2.250000e+01 1.500000e+00
 2.350000e+01 23 1.500000e+00
 2.350000e+01 2.350000e+01 1.500000e+00
 2.350000e+01 24 1.500000e+00
 2.350000e+01 2.450000e+01 1.500000e+00
 2.350000e+01 25 1.500000e+00
 2.350000e+01 2.550000e+01 1.500000e+00
 2.350000e+01 26 1.500000e+00
 2.350000e+01 2.650000e+01 1.500000e+00
 2.350000e+01 27 1.500000e+00
 2.350000e+01 28 1.500000e+00
 2.350000e+01 2.850000e+01 1.500000e+00
 2.350000e+01 29 1.500000e+00
 2.350000e+01 2.950000e+01 1.500000e+00
 2.350000e+01 30 1.500000e+00
 2.350000e+01 3.050000e+01 1.500000e+00
 2.350000e+01 31 1.500000e+00
 